$SPEC_ID:
No sample description was entered.
$SPEC_REM:
DET# 1
DETDESC# VCH-0609 MCB 129
AP# Maestro Version 7.01
$DATE_MEA:
02/26/2018 15:07:28
$MEAS_TIM:
417 418
$DATA:
0 4095
       0
       0
       0
       0
       0
       0
       0
       0
       0
       0
       0
       0
       0
       0
       0
       0
       0
       0
       0
       0
       0
       0
       0
       0
       0
       0
       0
       0
       0
       0
       1
      23
      17
      16
      13
      24
      26
      21
      16
      22
      13
      21
      18
      19
      13
      25
      26
      29
      29
      27
      20
      20
      31
      30
      26
      32
      33
      23
      32
      28
      28
      35
      30
      31
      27
      29
      28
      29
      27
      30
      22
      21
      29
      30
      30
      27
      29
      30
      13
      33
      24
      30
      28
      28
      24
      30
      33
      25
      35
      23
      28
      27
      31
      31
      27
      42
      38
      40
      23
      28
      37
      32
      27
      38
      30
      34
      23
      44
      36
      39
      35
      46
      43
      34
      39
      38
      44
      31
      31
      52
      38
      41
      45
      35
      49
      54
      51
      38
      41
      50
      44
      51
      65
      59
      58
      63
      52
      64
      52
      71
      55
      81
      62
      57
      70
      84
      76
      62
      69
      88
      78
      86
      70
      67
      84
      75
      59
      64
      49
      59
      64
      81
      55
      60
      60
      61
      73
      63
      59
      68
      65
      58
      58
      63
      43
      56
      59
      50
      54
      50
      49
      57
      40
      41
      47
      54
      55
      40
      42
      50
      50
      49
      39
      39
      41
      41
      49
      41
      55
      51
      46
      56
      49
      39
      43
      35
      41
      35
      46
      53
      46
      43
      42
      52
      42
      53
      43
      39
      46
      34
      55
      57
      39
      43
      43
      46
      44
      51
      41
      44
      38
      57
      49
      49
      50
      40
      59
      57
      44
      42
      45
      50
      54
      48
      51
      63
      51
      53
      34
      53
      46
      43
      31
      38
      47
      42
      54
      50
      44
      42
      51
      52
      39
      38
      43
      54
      35
      49
      49
      40
      37
      46
      42
      51
      26
      32
      24
      44
      42
      54
      28
      39
      36
      33
      41
      41
      39
      45
      45
      45
      47
      44
      46
      34
      34
      40
      37
      37
      39
      29
      41
      43
      39
      31
      32
      43
      39
      39
      50
      30
      27
      31
      38
      33
      32
      33
      42
      30
      31
      36
      43
      34
      42
      41
      30
      30
      37
      45
      33
      36
      28
      38
      37
      40
      40
      30
      35
      30
      41
      45
      38
      32
      46
      32
      36
      37
      32
      29
      38
      40
      36
      31
      33
      37
      32
      33
      36
      31
      29
      36
      32
      23
      27
      31
      37
      28
      43
      20
      29
      38
      26
      24
      38
      17
      32
      40
      42
      35
      36
      41
      29
      35
      26
      37
      36
      28
      33
      27
      32
      30
      42
      33
      33
      29
      35
      33
      34
      42
      20
      32
      36
      30
      22
      31
      33
      30
      34
      38
      30
      34
      28
      27
      40
      32
      34
      36
      33
      26
      30
      27
      30
      33
      36
      35
      34
      28
      31
      34
      28
      28
      33
      40
      32
      47
      35
      38
      36
      30
      31
      38
      37
      30
      29
      40
      30
      27
      31
      36
      32
      30
      40
      40
      37
      40
      27
      46
      24
      22
      30
      22
      41
      31
      24
      32
      37
      36
      29
      26
      30
      22
      24
      28
      29
      36
      22
      28
      25
      32
      23
      23
      34
      37
      29
      22
      22
      32
      20
      17
      21
      28
      31
      27
      36
      21
      33
      27
      31
      37
      19
      24
      27
      34
      23
      22
      24
      24
      33
      26
      35
      37
      24
      25
      24
      33
      31
      28
      17
      32
      34
      23
      29
      16
      25
      20
      27
      24
      23
      19
      22
      38
      22
      26
      20
      26
      29
      25
      25
      28
      33
      25
      27
      12
      20
      25
      23
      32
      24
      21
      23
      29
      26
      31
      18
      19
      16
      24
      22
      22
      26
      22
      20
      32
      30
      20
      30
      17
      22
      22
      28
      17
      22
      21
      25
      23
      16
      20
      24
      27
      28
      21
      19
      16
      26
      20
      18
      20
      26
      33
      26
      18
      18
      19
      26
      21
      18
      22
      17
      25
      15
      24
      21
      22
      25
      16
      13
      15
      19
      18
      17
      22
      23
      26
      13
      22
      20
      21
      21
      18
      23
      21
      18
      20
      20
      25
      27
      23
      19
      24
      17
      25
      15
      16
      25
      17
      25
      24
      28
      19
      16
      20
      33
      21
      17
      16
      20
      19
      24
      16
      22
      23
      15
      17
      23
      15
      17
      27
      25
      26
      16
      18
      20
      20
      22
      16
      19
      14
      19
      27
      16
      17
      16
      17
      18
      18
      19
      19
      18
      11
      11
      25
      20
      15
      21
      21
      14
      18
      26
       8
      18
      18
      16
      22
      25
      15
      13
      24
      15
      13
      15
      19
      10
      14
      32
      16
      18
      11
      20
      22
      16
      27
       8
      18
      18
      24
      20
      15
      17
      19
      17
      15
      18
      10
      27
       9
      16
      12
      20
      14
      15
      17
      17
      15
      27
      15
      21
      18
       9
      18
      18
      13
      14
      18
       9
      14
      14
      12
      14
      10
      14
      14
      13
      11
      14
      18
      16
      10
      14
      19
      16
      13
      15
      10
      12
      17
      13
      15
      17
      21
      16
      13
      16
      15
      18
      14
       5
      10
      18
      11
      11
      11
      16
       9
      12
       8
      10
      21
      24
      25
      17
      14
      17
       8
      15
      13
      12
      16
      21
      12
      13
      20
      17
       8
      17
      12
      15
      13
      18
      10
      17
      11
      11
      13
      15
      12
      16
      13
      13
      16
      17
      16
      13
      15
      10
      12
       9
      17
       9
      19
      12
       8
      24
      17
      14
      17
      12
      14
      16
       9
      15
      16
      12
      20
      17
       9
      12
      15
      20
      19
       9
      11
      17
      17
      15
      16
      12
       9
      11
      13
       8
      15
      21
      16
      15
      12
      15
      14
       9
      13
      13
      16
      15
      20
      14
      12
      20
      19
      19
       9
      19
      16
      18
      11
      13
      23
      12
      16
      19
      15
      12
      14
      15
      12
      20
      16
      16
      12
      14
      11
      14
      15
      17
      16
      22
      14
      18
      17
       8
      16
      21
      11
      13
      26
      20
      14
      13
      22
      17
      13
      13
      11
      24
      25
      17
      15
      18
      10
      21
      22
      14
      13
      17
      14
      12
      13
      16
      13
      19
      13
      11
      19
      18
      14
      16
      14
      12
      16
       5
      19
       9
      13
      16
      18
      20
       8
      12
       9
      16
      17
       7
      11
      10
      21
      14
       8
       6
      17
      11
      14
      14
      15
      13
      10
      14
      13
       7
       9
      13
       9
      17
      20
      12
      12
      13
      14
       9
      10
       9
       9
      10
       8
      13
       9
       6
       9
      14
      13
       7
       7
       9
      15
      17
      13
       7
       5
       9
      19
      16
      14
       9
       9
      12
      17
      16
      11
      14
      12
      10
      11
       7
      10
      12
      11
       8
       8
      10
      13
      13
      11
      10
      12
       8
      10
      15
       9
      10
      13
      10
       7
      10
      15
      12
      10
      10
      10
       8
      12
      13
       5
      17
      13
      11
      11
      10
       7
      11
      15
      10
       8
      10
      14
       9
       9
       7
      14
      14
      10
      11
       8
      10
      13
      18
       8
      10
      13
      12
      11
       6
      10
      11
      11
      10
      10
       9
       8
      11
       6
       5
       6
      10
      12
      14
      17
       6
      12
       9
      10
      19
      13
       9
       8
      11
      11
       9
      14
       9
      15
      13
      10
      13
      16
      14
       6
      13
       9
      12
      11
       6
      13
      12
       3
       8
      13
       8
       8
      13
      11
       7
       8
       7
      10
      14
      13
      10
      11
       6
      13
      17
      13
       3
      11
      17
      10
      12
      10
       9
       7
      10
       7
       9
       8
      13
      17
      11
       8
       7
      16
       9
      11
      12
       9
      12
      21
      12
       8
      12
       9
      17
      11
      13
       8
       6
      11
      10
       8
       7
       9
      10
      11
       7
       9
       6
       5
       6
      10
       8
       7
       9
      11
      17
      13
      10
      15
      12
       5
       8
       9
       2
      13
       7
       5
      10
      10
       9
       5
      11
      12
      10
      10
       8
       8
      14
      10
      10
       6
       5
       6
       9
      10
       9
       8
      11
      14
       5
       9
       6
       7
       5
      14
      11
      12
       9
       9
      13
       9
      11
       7
       9
      14
      10
      12
      10
       6
       9
      10
      12
       9
       9
      12
       7
       4
      13
       7
      10
       8
      11
       5
      10
      10
       8
       4
       6
      11
       7
       4
      15
      14
      14
       4
       8
       6
      13
      10
       5
       3
       6
      10
       5
       8
      11
       9
       9
       8
       6
      11
      13
       7
       7
      10
       7
      10
      15
       7
       5
      14
       6
      10
       8
      12
       8
      11
       6
       9
       6
       8
       8
      11
       9
      12
       9
      14
       9
       6
      18
      12
      12
      12
      11
       9
       7
       5
      12
      14
      13
      10
      10
      11
       7
      13
       7
       6
       9
       8
      18
      14
       9
       9
      14
       5
       9
      11
      11
       9
      12
       7
       7
      14
      11
       9
      11
      10
      16
      17
      15
      16
      10
      11
      11
       6
       7
      11
      11
      15
      15
       7
       7
      13
       5
       7
       9
      10
       7
      10
      12
       4
       9
       7
      13
      13
       6
      12
      10
      13
      13
       4
      12
       9
      16
       9
       8
      12
       8
      10
       9
       7
       4
      16
       9
       6
      10
       4
      11
      14
      12
       9
       5
      13
      15
      13
      10
      10
      10
       4
      14
       8
      18
       9
      11
      11
      13
      12
      14
      16
      13
      10
       9
       8
      10
       9
      10
      11
      16
       8
      19
      13
      14
      10
      10
       8
       8
      11
       6
      12
      11
       8
      10
      12
      13
      13
      10
      12
      11
       6
      17
      13
      12
      15
       3
       8
      12
       7
      11
       8
       8
      18
      12
      14
      16
       7
       9
      13
      14
      11
      13
      11
      15
      12
      14
      12
      11
      12
      14
      15
      12
      15
      15
      16
      13
      13
      12
      13
      16
      14
      16
      14
      13
      16
      15
      12
      15
      20
      13
      11
      17
      11
       8
      14
      16
      15
      23
      15
      10
      15
      14
      11
       6
      15
      15
       8
      12
      10
      14
       9
      18
      10
      10
      12
      10
      13
      10
      12
      15
      11
      12
      13
       9
       6
       9
       8
      14
      12
      17
      14
       7
      11
      12
       6
      11
       9
       5
      11
       3
      12
       5
       8
      11
      12
       8
       2
       7
       7
      13
       6
      11
       9
       3
       8
      16
      13
       8
      16
       6
       9
       3
      13
       6
      10
       8
       6
       8
      13
       4
       7
       4
      11
       4
       9
      10
       9
       8
       4
      12
       7
       5
       9
       5
       5
       5
      10
       7
       7
       6
       4
       6
       8
       8
      11
       8
       3
       9
      15
      16
       7
      11
       4
       4
       8
       5
       9
       3
       3
       9
       9
      12
       5
       7
       8
       7
       4
       8
      13
       6
       4
       7
       6
      12
       8
       5
       7
       8
       5
       6
       9
       4
       9
       4
       1
      12
      11
       8
       8
       5
       8
       7
      10
       5
       6
       6
       7
      12
       6
       8
       4
       5
       5
       9
       6
      12
       9
       7
       8
       7
       7
      14
       6
       4
       6
       3
       4
       9
       7
       5
      11
       8
      11
      13
       9
       6
       8
       6
       9
      10
       8
      10
      10
       7
      10
       5
       7
       5
       7
       4
       7
       5
       7
       6
       9
       3
      11
       4
       7
      14
      11
       8
       9
      10
       8
      11
       6
       6
      10
       6
       9
       8
      10
      13
       3
       6
      10
       6
      10
       6
       9
       6
       7
      11
       8
       5
      10
      12
       2
       7
      10
       7
       9
      10
       9
       6
      10
      10
       6
      17
      10
       9
      11
       8
       7
       7
       9
       9
      15
       9
       7
       9
      11
       9
       6
       7
       9
       5
      10
       9
       5
      13
       6
       8
      14
       9
       8
       5
       5
       5
       9
       5
       8
       9
      17
       6
      10
       9
       6
      14
      13
       5
      12
      10
       9
       8
       6
      14
      11
       3
       7
       5
      14
       4
      11
       6
      10
       7
      15
       6
      10
      13
       9
       9
      11
       6
       8
       7
      10
      13
      10
      11
       8
      11
       6
       6
       6
       4
       2
       8
       8
       4
       5
       4
       7
      11
      11
      10
       9
       5
       4
      13
       9
      12
       6
      10
       9
       4
       3
       8
      10
       8
       7
       2
       7
      10
       5
      11
       7
      10
       7
       6
       5
      10
      11
       2
       5
       9
       8
       4
       4
       6
      15
       5
      10
      12
       2
       6
       9
       8
      12
       7
       5
       3
       7
       5
       9
       8
       4
       7
       5
       7
       8
       6
       5
      13
       7
       7
      10
       3
       2
       8
      11
       6
       9
       8
      11
       7
      10
       7
       8
       3
       6
       8
      11
       7
       9
      10
       8
       4
       7
       3
       5
       7
       5
      11
       7
       7
       7
      12
       8
      11
       3
       6
       3
       6
       3
       8
       6
       8
       5
       8
       7
       5
       5
       5
       8
       6
      11
       6
       8
       9
      10
       5
       8
       7
       5
       8
       5
       5
       3
       8
       7
       7
       6
       5
       5
       9
       3
       5
      15
       9
       6
       7
      11
       7
       3
       8
       9
       8
       7
       9
       5
      10
       9
       1
      12
       7
       6
       6
       5
      10
       9
       6
       5
      12
       9
       7
      11
       9
       4
       5
       8
       7
      10
       6
       6
       5
       7
       9
       3
       9
       8
       7
       4
       8
       6
       9
       7
       5
       4
       5
       9
       5
       5
       9
       6
       6
       4
      12
      10
      10
       6
       8
       5
       9
       3
       6
      12
       6
       9
       7
       7
      10
       6
       6
       8
      11
       5
       9
      11
       8
       3
      12
      10
       9
       5
       5
      10
      10
       7
       9
       4
       6
       7
       9
       5
       6
       5
       4
       4
       6
      10
      11
       8
      10
       8
       8
       7
       7
       9
       7
       4
       3
       4
       2
      12
       5
       8
       4
       3
       8
       5
       6
       6
       8
       7
       8
       8
       8
       9
       7
       4
      11
       9
       5
       8
       6
      10
       5
       8
       9
       8
       6
       8
       6
       6
      11
      15
       5
       6
       5
       9
       4
       9
      10
       8
       4
       1
       6
       4
      11
       6
      10
       3
       5
       5
       7
       6
       9
      10
      10
       9
       5
       4
       6
       3
       5
      13
      10
       9
       7
      10
       5
       6
       8
      10
      14
       9
       7
       9
       4
      10
       5
       9
       8
       6
       6
       8
       9
       5
       6
       7
       9
       7
       4
       4
       6
       6
      10
       8
       6
       6
       9
      16
       8
       5
      10
       6
      15
       6
       7
       9
      14
       9
       4
      11
      10
       4
      10
      14
       9
       5
       4
       7
       5
      10
      10
      10
       4
       5
       9
       7
       6
      10
      10
       6
       3
       4
      12
      12
       8
      11
       9
       4
       7
       6
       8
       8
       6
      10
      13
      10
       9
       8
       9
       9
       8
       4
       8
       9
      14
       5
      15
      10
       7
       8
      11
       8
       8
       9
      14
      14
      18
      12
       6
       8
      14
      11
       7
      13
      16
       7
      12
       5
       4
      11
       8
      14
       6
       6
      10
       7
       7
       9
       9
       9
       6
       5
       4
       7
       8
       5
      11
       9
      11
       4
       9
      11
      10
       9
       7
       5
       5
       7
       8
      11
       7
      12
       9
      10
      16
      12
      11
       9
       9
      13
       4
       3
       8
       4
      10
      17
      12
       1
       7
      13
      11
      10
       6
      13
       9
       6
      10
      10
       8
       8
       6
      15
       7
      10
       9
      12
       9
       9
       8
      10
       5
      11
      14
       8
       8
      11
       9
       3
       9
       9
       8
      14
       5
      12
       8
       5
       6
       5
       7
      12
       9
       9
       8
       6
       9
      14
       7
       6
      13
      12
       4
      13
      11
       5
       7
       7
       9
       8
       8
       6
      12
       8
      10
       9
       4
      11
       6
      10
       7
      10
       8
       5
      11
       8
       9
      13
       7
      10
      10
       3
       7
       9
       8
       7
       6
      11
       8
       9
      10
       5
      10
       9
       7
      12
       4
       8
      11
      12
       9
       4
      10
       3
      11
       9
      11
       7
      11
       7
       5
       5
       9
      10
       7
       9
      11
      10
       7
      13
       6
      11
       9
       8
       7
       9
      17
       7
      10
      11
      10
       9
       9
      12
      11
       6
      10
      13
      11
      12
       9
       8
       8
       7
       7
       6
       9
       1
       9
      10
      14
       6
      11
       5
       5
       7
       7
      16
       9
       6
      13
      11
      16
      11
      10
       9
       5
       2
       9
       7
      14
       8
      10
      11
      12
      10
      13
       8
       8
      11
      13
      11
       9
      10
      15
       9
      11
       7
       9
       8
       4
      11
      11
       8
       6
       6
       6
       9
      18
       6
       8
      13
       7
      11
       4
       4
       4
       7
       6
      10
       9
      14
       8
       6
      14
       8
       7
       4
       9
       8
       6
       9
      10
       7
       7
       8
       5
       8
       9
       8
      11
       8
       7
       8
       6
       6
       7
      10
      11
       8
       4
      13
       7
       6
       8
      11
       4
      14
       3
       5
       9
      10
       8
      14
       6
       7
       6
      14
       9
       8
       8
       9
      10
      10
       7
       9
       9
      10
       7
       9
       7
       5
       3
       8
       5
       4
       6
       2
       9
       4
       8
       5
      11
       7
       5
       5
      10
      15
       7
       6
       4
       8
       8
      15
       8
      11
       8
       3
      14
       8
      11
       5
       6
       9
      16
       4
       9
       7
       2
       4
      11
       4
       7
       8
       3
       7
       2
       3
      11
       7
       6
       4
       7
       1
      11
       6
       4
       9
       2
       5
       4
      11
       3
       7
       8
       5
       9
       5
       8
       2
       2
       9
       5
       7
       4
       6
       6
       9
       2
       4
       2
       7
       7
       3
       7
       4
       8
       9
       4
       6
       3
       2
       2
       6
       4
       8
       4
       7
       9
       7
       8
       6
       1
       5
       2
       6
       7
       4
       1
       1
       9
       8
       6
       5
       3
       1
       1
       4
       5
       7
       6
       3
       8
       4
       1
       5
       4
       7
       4
       2
       5
       4
       2
       6
       3
       5
       3
       4
       3
       3
       5
       1
       3
       3
       0
       2
       2
       3
       4
       2
       5
       6
       3
       7
       2
       2
       3
       6
       5
       7
       2
       1
       1
       1
       1
       3
       4
       0
       1
       5
       1
       3
       4
       5
       3
       4
       2
       2
       3
       1
       3
       1
       2
       0
       2
       1
       4
       2
       4
       3
       4
       0
       0
       0
       2
       1
       2
       1
       2
       3
       3
       2
       4
       4
       0
       0
       2
       3
       3
       3
       2
       3
       0
       0
       1
       2
       3
       5
       1
       3
       4
       2
       2
       1
       1
       3
       1
       3
       1
       3
       2
       2
       2
       2
       1
       5
       2
       1
       0
       2
       1
       1
       3
       2
       3
       1
       1
       2
       6
       5
       0
       1
       1
       1
       1
       2
       4
       0
       3
       0
       3
       1
       1
       2
       2
       5
       1
       2
       3
       1
       3
       1
       1
       0
       2
       4
       1
       3
       2
       2
       2
       3
       4
       2
       1
       1
       2
       2
       0
       1
       2
       2
       0
       3
       2
       2
       3
       2
       2
       4
       3
       4
       5
       3
       4
       1
       5
       3
       2
       1
       2
       4
       4
       1
       3
       4
       0
       5
       6
       2
       2
       2
       2
       4
       3
       4
       4
       1
       5
       4
       2
       3
       2
      10
       2
       6
       6
       4
       4
       3
       6
       8
       6
       5
       6
       7
       2
       5
       5
       7
       3
       4
       2
       6
       5
       1
       7
       5
       6
       7
       8
       4
       8
       9
       7
       8
      12
      12
       5
       8
      14
      12
       4
      10
       8
      10
      11
       7
       5
       4
       9
      10
      11
       9
      16
      11
       7
      10
      15
      15
      11
      20
      11
       7
       7
       7
       7
      15
      13
      11
      11
       9
      14
      20
       9
      13
      16
      11
      21
      11
      11
      17
      17
      17
      22
      22
      24
      19
      10
      13
      11
      13
      15
      10
      17
      25
      14
      15
      16
      12
      24
      14
      14
      16
      25
      18
      10
      18
      23
      15
      18
      21
      13
      14
       9
      23
      22
      21
      21
      20
      21
      20
      19
      12
      12
      19
      16
      20
      13
      18
      20
      14
      17
      15
      23
      18
      11
      15
      23
      19
      19
      21
      21
      23
      24
      19
      19
      13
      15
      20
      21
      15
      10
      15
      17
      24
      15
      17
      16
      18
      22
       7
      21
      28
      17
      16
      21
      13
      18
       6
      18
      17
      21
      23
      19
      18
      18
      16
      17
      16
      13
      23
      17
      11
      13
      16
      16
      19
      15
      14
       9
      12
      10
       3
      10
      15
      11
       9
      12
      14
       9
       7
      16
      13
      12
      11
       9
      13
      11
      15
       7
      11
       6
      12
       9
      10
       8
      12
       9
      10
      11
       6
       9
       9
       8
       3
      10
      11
       9
      11
       4
       5
       4
       7
       6
       7
       3
      10
       3
       7
       5
       2
       7
       6
       2
       7
       1
       9
       6
       3
       6
       4
       5
       0
       4
       3
       6
       2
       5
       7
       4
       4
       4
       1
       2
       6
       3
       2
       1
       3
       4
       2
       4
       4
       4
       2
       1
       1
       2
       3
       1
       3
       4
       2
       2
       2
       2
       2
       1
       2
       2
       2
       1
       1
       1
       1
       2
       4
       1
       2
       2
       3
       0
       1
       3
       3
       1
       0
       1
       2
       0
       1
       1
       1
       1
       1
       1
       0
       1
       1
       1
       1
       0
       0
       0
       0
       1
       1
       2
       0
       2
       1
       2
       0
       1
       1
       0
       0
       2
       0
       1
       2
       0
       1
       0
       0
       0
       0
       0
       0
       1
       0
       1
       0
       0
       0
       0
       0
       1
       1
       0
       0
       0
       0
       0
       1
       1
       0
       0
       0
       0
       0
       1
       0
       0
       0
       0
       0
       0
       0
       1
       2
       1
       0
       0
       0
       0
       0
       3
       1
       1
       0
       1
       0
       1
       1
       1
       0
       1
       3
       0
       0
       0
       0
       0
       0
       1
       0
       0
       0
       0
       1
       1
       0
       0
       1
       0
       0
       0
       2
       0
       1
       2
       0
       0
       0
       0
       0
       0
       0
       0
       0
       2
       2
       0
       0
       0
       0
       1
       0
       1
       0
       0
       0
       1
       1
       1
       0
       0
       1
       0
       0
       0
       0
       0
       0
       0
       0
       1
       0
       1
       0
       0
       0
       0
       0
       0
       0
       1
       0
       1
       0
       0
       1
       0
       0
       0
       0
       0
       0
       1
       1
       0
       0
       0
       0
       0
       1
       0
       1
       1
       1
       0
       0
       0
       0
       0
       0
       0
       1
       1
       1
       0
       1
       0
       0
       0
       0
       1
       0
       1
       1
       0
       2
       0
       0
       0
       0
       0
       1
       0
       0
       0
       0
       1
       1
       0
       0
       0
       0
       0
       1
       0
       0
       0
       0
       0
       0
       1
       2
       0
       1
       1
       0
       0
       1
       0
       0
       0
       1
       1
       0
       2
       1
       0
       0
       0
       0
       0
       0
       0
       1
       0
       0
       0
       0
       0
       0
       1
       0
       0
       0
       0
       0
       1
       0
       0
       1
       0
       0
       0
       0
       0
       1
       0
       0
       2
       0
       0
       0
       0
       0
       2
       0
       0
       0
       0
       0
       0
       0
       0
       0
       1
       0
       0
       0
       1
       3
       1
       0
       0
       0
       0
       1
       0
       0
       1
       1
       0
       0
       0
       1
       0
       0
       0
       1
       0
       0
       0
       1
       0
       0
       1
       0
       0
       0
       0
       0
       0
       0
       0
       0
       0
       0
       0
       0
       0
       0
       1
       0
       0
       0
       1
       0
       0
       0
       0
       1
       0
       0
       1
       0
       0
       0
       1
       0
       0
       0
       0
       0
       0
       0
       0
       2
       1
       0
       0
       1
       0
       1
       0
       1
       0
       0
       0
       0
       0
       0
       0
       0
       1
       0
       1
       0
       0
       0
       1
       0
       0
       0
       1
       0
       0
       0
       0
       0
       0
       0
       0
       0
       0
       0
       0
       1
       0
       1
       0
       0
       0
       0
       1
       0
       0
       0
       0
       0
       0
       0
       0
       0
       0
       0
       0
       0
       1
       1
       0
       0
       0
       1
       0
       0
       0
       1
       0
       0
       1
       0
       0
       0
       2
       0
       1
       1
       0
       0
       1
       0
       0
       0
       0
       0
       0
       0
       0
       0
       0
       1
       1
       0
       1
       1
       0
       0
       0
       0
       0
       0
       0
       0
       0
       0
       0
       0
       0
       0
       0
       1
       0
       0
       3
       0
       0
       0
       0
       1
       1
       1
       0
       0
       0
       1
       0
       0
       0
       0
       0
       0
       0
       0
       0
       0
       0
       1
       0
       0
       0
       1
       0
       2
       1
       0
       0
       0
       0
       1
       0
       1
       0
       0
       2
       2
       0
       0
       0
       0
       0
       0
       0
       0
       1
       0
       1
       1
       0
       2
       0
       0
       0
       0
       0
       0
       1
       0
       0
       0
       0
       0
       0
       1
       0
       0
       0
       0
       1
       0
       0
       0
       0
       0
       0
       0
       0
       1
       0
       0
       0
       1
       0
       0
       1
       0
       0
       0
       0
       0
       1
       0
       0
       0
       0
       0
       0
       0
       1
       0
       0
       0
       1
       0
       0
       0
       0
       0
       1
       0
       0
       0
       0
       0
       0
       0
       0
       0
       0
       1
       0
       0
       1
       0
       0
       0
       0
       0
       0
       0
       1
       0
       0
       0
       0
       0
       0
       0
       0
       0
       0
       0
       0
       0
       0
       0
       0
       1
       0
       0
       1
       0
       0
       0
       0
       1
       0
       0
       0
       1
       0
       0
       0
       0
       0
       0
       0
       1
       0
       0
       0
       0
       0
       0
       0
       0
       0
       0
       0
       0
       0
       0
       0
       0
       1
       0
       0
       0
       0
       1
       0
       0
       0
       1
       0
       0
       0
       0
       0
       0
       0
       0
       0
       0
       0
       0
       0
       0
       0
       0
       1
       1
       0
       1
       0
       0
       0
       0
       2
       0
       0
       0
       0
       0
       0
       0
       0
       0
       0
       0
       0
       0
       0
       0
       0
       0
       1
       0
       0
       0
       0
       0
       0
       0
       0
       0
       0
       0
       0
       0
       0
       0
       0
       0
       0
       0
       0
       0
       1
       1
       0
       0
       0
       0
       0
       0
       1
       0
       0
       0
       1
       1
       0
       0
       0
       0
       0
       0
       0
       2
       0
       0
       0
       0
       1
       0
       0
       0
       0
       0
       0
       1
       0
       0
       0
       1
       0
       0
       1
       1
       0
       0
       2
       1
       0
       0
       0
       0
       0
       1
       0
       1
       0
       0
       0
       0
       2
       0
       1
       0
       0
       0
       0
       0
       0
       0
       0
       0
       0
       0
       0
       0
       0
       0
       0
       0
       0
       0
       0
       0
       0
       0
       0
       0
       0
       0
       0
       0
       0
       0
       0
       0
       0
       0
       0
       0
       0
       0
       0
       0
       0
       0
       0
       0
       0
       0
       0
       0
       0
       0
       0
       0
       0
       0
       0
       0
       0
       0
       0
       0
       0
       0
       0
       0
$ROI:
1
2921 3184
$PRESETS:
None
0
0
$ENER_FIT:
-2.883957 0.548638
$MCA_CAL:
3
-2.883957E+000 5.486377E-001 1.067048E-005 keV
$SHAPE_CAL:
3
6.790181E+000 8.189177E-002 -1.295770E-005
