$SPEC_ID:
No sample description was entered.
$SPEC_REM:
DET# 1
DETDESC# VCH-0609 MCB 129
AP# Maestro Version 7.01
$DATE_MEA:
02/26/2018 15:27:13
$MEAS_TIM:
300 301
$DATA:
0 4095
       0
       0
       0
       0
       0
       0
       0
       0
       0
       0
       0
       0
       0
       0
       0
       0
       0
       0
       0
       0
       0
       0
       0
       0
       0
       0
       0
       0
       0
       0
       1
      16
      19
      18
      21
      16
      29
      37
      20
      12
      17
      32
      30
      30
      20
      24
      22
      21
      31
      26
      31
      19
      26
      17
      21
      31
      27
      39
      20
      24
      19
      27
      21
      31
      19
      22
      25
      28
      14
      21
      25
      24
      26
      27
      21
      19
      23
      18
      22
      25
      18
      20
      27
      19
      17
      27
      20
      14
      21
      31
      17
      30
      36
      30
      28
      17
      28
      21
      28
      21
      29
      25
      24
      18
      26
      20
      27
      28
      38
      27
      30
      28
      29
      31
      30
      28
      23
      25
      28
      27
      28
      21
      23
      31
      29
      32
      35
      39
      33
      36
      35
      36
      30
      38
      36
      38
      37
      45
      51
      60
      51
      68
      65
      51
      63
      70
      48
      70
      54
      68
      71
      76
      70
      64
      49
      58
      61
      50
      62
      66
      41
      61
      45
      54
      51
      49
      43
      53
      47
      48
      47
      42
      33
      48
      40
      54
      51
      59
      48
      34
      47
      46
      47
      42
      41
      49
      51
      30
      42
      36
      44
      45
      47
      27
      43
      31
      31
      43
      36
      45
      49
      40
      41
      54
      37
      46
      33
      45
      38
      41
      57
      46
      32
      43
      53
      41
      41
      53
      41
      42
      49
      37
      39
      46
      50
      36
      46
      54
      45
      56
      51
      55
      49
      55
      32
      65
      59
      57
      51
      63
      47
      44
      53
      42
      44
      39
      41
      58
      53
      54
      55
      52
      60
      45
      49
      44
      41
      53
      52
      48
      44
      45
      43
      43
      43
      51
      45
      50
      49
      35
      49
      48
      48
      52
      45
      45
      27
      62
      56
      40
      36
      41
      49
      34
      42
      39
      33
      40
      38
      47
      39
      30
      48
      53
      52
      44
      35
      41
      45
      37
      55
      52
      47
      49
      44
      36
      42
      47
      42
      38
      31
      38
      42
      31
      43
      41
      39
      41
      48
      40
      35
      46
      40
      36
      31
      33
      45
      30
      44
      36
      43
      37
      49
      32
      36
      41
      37
      44
      56
      35
      34
      45
      45
      39
      37
      47
      52
      46
      38
      36
      42
      37
      45
      35
      32
      44
      36
      51
      43
      33
      44
      35
      28
      45
      44
      35
      34
      41
      47
      44
      41
      39
      35
      38
      42
      50
      37
      40
      45
      43
      41
      39
      39
      42
      39
      42
      45
      39
      45
      33
      36
      41
      36
      46
      46
      47
      36
      44
      39
      41
      39
      39
      42
      41
      44
      35
      35
      36
      28
      53
      31
      34
      36
      28
      29
      39
      31
      35
      37
      31
      35
      32
      25
      23
      34
      40
      21
      35
      42
      29
      39
      29
      31
      36
      29
      32
      32
      32
      33
      31
      35
      31
      40
      41
      26
      41
      25
      35
      21
      32
      26
      30
      41
      36
      20
      26
      27
      26
      42
      25
      26
      31
      22
      28
      21
      24
      32
      35
      29
      34
      32
      32
      34
      36
      27
      40
      32
      20
      35
      24
      25
      26
      38
      19
      39
      20
      18
      31
      25
      32
      34
      25
      24
      31
      32
      39
      25
      26
      29
      22
      27
      24
      24
      25
      16
      25
      28
      19
      23
      25
      17
      33
      24
      19
      27
      31
      26
      26
      25
      23
      18
      22
      24
      23
      25
      26
      18
      17
      23
      24
      24
      32
      20
      21
      33
      21
      25
      19
      23
      27
      24
      20
      25
      22
      26
      27
      19
      28
      16
      20
      23
      23
      22
      26
      23
      26
      21
      19
      20
      18
      25
      19
      28
      16
      18
      20
      25
      20
      28
      25
      26
      15
      21
      16
      20
      20
      20
      18
      29
      22
       9
      16
      25
      16
      27
      15
      24
      23
      17
      21
      17
      19
      28
      16
      19
       9
      25
      16
      21
      15
      18
      23
      18
      16
      22
      21
      23
      23
      18
      18
      17
      13
      22
      20
      14
      20
      22
      24
      24
      14
      16
      13
      27
      16
      20
      20
      19
      17
      11
      22
      12
      18
      16
      18
      22
      19
      22
      16
      12
      25
      22
      15
      23
      19
      20
      20
      15
      15
      18
      12
      14
      14
      20
      13
      16
      17
      20
      20
      12
      12
      13
      20
      19
      21
      11
      18
      11
      10
      14
      15
      22
      10
      17
      22
      22
      24
      15
      12
      13
      16
      12
      19
      16
      22
      23
      18
       9
      18
      13
      15
      14
      15
      11
      18
      11
      11
      14
      19
      19
      12
      11
      20
      23
      11
      15
      20
      18
      23
      13
      13
      16
      15
      12
      14
      11
      20
      19
      19
      16
      13
      16
      11
      19
      17
      12
      19
      13
      15
      12
      15
      18
       9
      18
      22
      11
      18
      15
      15
      19
      15
       7
       8
      16
       8
      15
      14
      13
       8
      11
      13
      10
      13
       9
      18
      13
      15
      14
      18
      15
      14
      12
      16
       7
      20
      15
      12
      18
      15
      11
      15
      13
      10
      12
      11
      15
      19
      22
      20
      17
      11
      20
      12
      14
      14
      16
      14
      11
      18
      17
      15
      18
      20
      14
      19
      23
      16
      15
       9
       8
      12
      15
      17
       8
      11
      17
      14
      15
      15
      14
      13
      12
      20
      14
      12
      12
       7
      11
      10
      19
      10
      13
       9
      13
      11
       8
      17
      15
       8
      12
      13
       9
      13
       7
      13
      10
      13
      15
      15
      11
      14
      14
      11
      11
       8
      11
      15
      16
      14
      12
      11
      10
      14
      14
      12
      11
      16
       7
       9
      15
      10
      14
       6
       5
      13
      11
      17
      10
      17
      12
       9
      14
      17
      14
      10
       8
      16
      12
      18
      14
       6
      10
      12
       8
       6
       9
       8
      15
       6
       6
      12
       5
      10
       8
       7
       9
       7
      14
      11
      11
      13
      11
      13
      11
      11
      13
       8
       5
       9
      12
      17
       9
      20
      11
       8
      11
      10
       8
       9
      12
      14
       9
      17
      12
       7
      13
      13
      11
       8
       6
      10
      10
      11
      10
      12
       8
       7
       6
       9
       8
      10
      14
       8
       9
       5
      11
      14
      12
      15
       8
       9
       8
       8
       6
       7
      12
       8
      10
      10
      17
      11
       6
       9
      13
       7
      12
       8
       8
       7
       9
       8
       6
       8
       8
       5
       6
      10
      10
       6
       9
       6
       2
       7
       4
       8
       7
       9
       7
      11
       7
       8
       8
      11
       9
       7
       7
      12
       5
       6
       9
       6
       7
      11
       5
       9
       9
      14
      11
       3
      10
       5
      10
       5
       8
      11
       7
       6
       2
       9
       9
      10
       7
       7
       6
       9
       6
      10
       2
       6
       6
       4
       8
       2
       8
       2
       5
       5
       7
       7
       7
       8
       9
       8
       4
      10
      13
       8
       8
       9
      19
       9
       7
       3
      11
       7
       9
       7
       8
       6
       9
       6
       1
       9
      11
       6
       5
       6
       4
       8
       9
       5
       3
       8
      13
       9
       9
      10
      13
       9
       4
       5
       3
      12
       9
       4
       9
      13
       7
       3
       9
      12
       6
       4
      11
       6
       9
       9
      11
      11
       7
      14
      10
       7
      12
      11
      11
       7
       7
       8
       9
       6
      11
       8
      13
      10
      12
       8
      15
      15
      10
      10
      14
      13
      16
       5
      11
      10
      14
      15
       9
      11
      18
      12
      14
      17
      10
      12
      18
      15
      19
      15
      15
      22
      17
      17
      24
      17
      18
      17
      18
      28
      20
      18
      20
      15
      14
      23
      14
      25
      16
      11
      15
      13
      20
      21
      28
      21
      12
      20
      20
      15
      27
      26
      19
      26
      20
      20
      20
      29
      17
      14
      18
      19
      19
      13
      21
      19
      20
      25
      19
      16
      18
      15
      15
      17
      18
      16
      15
      21
       8
      17
      14
      14
      19
      17
      21
      15
      18
      13
      16
      16
      15
      14
       7
      10
      10
      12
      14
      11
      16
      13
      11
       7
       7
       6
       9
      10
      12
       9
       9
       8
      10
       5
       9
       8
       6
       3
       4
       6
       8
       6
       6
      12
      12
       1
      10
       8
       8
       5
       9
       7
       7
       7
       6
       8
       4
       5
       7
       8
       6
       1
       5
       4
       3
       6
       3
       0
       5
       4
       6
       5
       7
       5
       3
       3
       7
       4
       6
       8
       6
       5
       8
       2
       4
       2
       4
       5
       3
       6
       6
       5
       3
       8
       6
       1
       5
       4
       2
       1
       6
       4
       5
       9
       5
       4
       3
       3
       5
       1
       3
       2
       8
       2
       2
       0
       5
       8
       5
       3
       2
       5
       8
       6
       3
       6
       3
       4
       3
       7
       5
       2
       4
       4
       7
       2
       3
       4
       6
       1
       8
       5
       2
       4
       3
       5
       0
       3
       2
       7
       5
       3
       9
       5
       5
       5
       4
       4
       3
       2
       3
       5
       5
       4
       7
       5
       4
       2
       3
       4
       4
       2
       3
       4
       3
       2
       2
       5
       5
       2
       5
       3
       2
       3
       6
       1
       5
       3
       3
       4
       4
       6
       5
       3
       1
       2
       7
       3
       6
       3
       4
       5
       1
       4
       3
       4
       3
       4
       4
       3
       5
       1
       9
       5
       6
       4
       6
       4
       5
       5
       3
       3
       4
       8
       2
       6
       4
       6
       2
       1
       1
       4
       5
       5
       3
       3
       3
       4
       4
       6
       4
       4
       3
       5
       5
       2
      10
       5
       7
       4
       1
       7
       5
      10
       3
       1
       6
       3
       5
       2
       3
       4
       3
       2
       3
       6
       8
       8
       7
       1
       5
       5
       4
       6
       4
       8
       8
       1
       0
       4
       6
       7
       5
       1
       2
       5
       4
       2
       2
       5
       5
       4
       4
       5
       3
       4
       4
       2
       5
       3
       3
       7
       3
       1
       9
       3
       2
       4
       4
       3
       2
       3
       1
       4
       6
       3
       4
       4
       6
       4
       5
       3
       3
       4
       3
       3
       1
       3
       6
       2
       3
       7
       4
       4
       5
       4
       3
       1
       4
       5
       0
       5
       7
       5
       2
       5
       2
       4
       3
       5
       3
       3
       3
       4
       2
       2
       2
       3
       5
       2
       1
       1
       2
       2
       2
       8
       4
       5
       3
       3
       3
       5
       2
       4
       5
       4
       2
       0
       1
       1
       2
       3
       3
       2
       4
       2
       2
       7
       1
       4
       4
       3
       2
       5
       7
       3
       2
       1
       2
       5
       2
       3
       5
       5
       5
       5
       2
       1
       5
       3
       2
       2
       7
       5
       4
       2
       4
       2
       2
       5
       3
       4
       3
       3
       2
       2
       1
       3
       4
       0
       3
       3
       2
       3
       2
       7
       2
       2
       1
       1
       3
       1
       4
       7
       2
       0
       2
       2
       4
       0
       3
       2
       0
       3
       3
       4
       2
       2
       3
       3
       1
       1
       1
       3
       3
       2
       4
       4
       3
       3
       3
       1
       3
       1
       2
       6
       5
       2
       1
       4
       1
       6
       6
       2
       4
       4
       1
       3
       4
       3
       0
       4
       3
       5
       3
       2
       3
       1
       2
       4
       2
       3
       5
       3
       6
       5
       1
       6
       0
       3
       4
       5
       1
       0
       2
       3
       5
       1
       3
       1
       2
       3
       2
       4
       3
       2
       2
       3
       3
       1
       0
       5
       2
       5
       4
       2
       1
       2
       3
       3
       0
       4
       3
       2
       0
       2
       2
       1
       4
       5
       2
       3
       1
       2
       1
       4
       4
       4
       4
       3
       3
       1
       3
       4
       4
       1
       0
       3
       3
       3
       4
       5
       2
       6
       4
       9
       3
       2
       5
       1
       0
       2
       5
       1
       1
       3
       3
       1
       2
       1
       2
       1
       1
       3
       2
       4
       2
       7
       1
       3
       2
       1
       3
       2
       2
       2
       1
       2
       1
       1
       1
       1
       5
       5
       1
       3
       0
       5
       0
       1
       2
       5
       1
       3
       2
       4
       2
       1
       4
       1
       1
       1
       4
       3
       4
       2
       1
       1
       1
       2
       3
       1
       1
       0
       1
       2
       1
       2
       1
       2
       4
       5
       2
       3
       1
       1
       4
       4
       4
       1
       1
       2
       3
       2
       0
       4
       2
       1
       2
       7
       1
       4
       2
       1
       1
       0
       3
       4
       3
       0
       4
       4
       4
       1
       0
       0
       1
       3
       1
       3
       7
       2
       1
       2
       2
       2
       1
       1
       4
       5
       2
       3
       3
       1
       3
       1
       4
       2
       3
       1
       4
       1
       2
       2
       3
       3
       2
       4
       3
       0
       2
       2
       3
       2
       4
       1
       3
       1
       2
       2
       4
       3
       4
       4
       3
       3
       6
       2
       3
       4
       2
       3
       2
       2
       7
       3
       1
       2
       2
       1
       1
       1
       0
       2
       2
       1
       2
       0
       4
       3
       1
       4
       1
       2
       1
       1
       1
       4
       1
       3
       1
       3
       4
       1
       1
       2
       3
       5
       2
       2
       5
       2
       3
       1
       5
       2
       3
       3
       2
       1
       2
       5
       1
       2
       1
       1
       0
       2
       4
       2
       0
       2
       2
       2
       0
       3
       1
       1
       4
       2
       5
       1
       2
       3
       3
       2
       1
       2
       0
       2
       3
       1
       1
       0
       2
       2
       0
       1
       3
       2
       1
       4
       3
       2
       3
       3
       3
       3
       1
       3
       2
       3
       2
       2
       2
       2
       3
       2
       3
       3
       1
       7
       1
       2
       3
       2
       3
       0
       1
       0
       3
       4
       1
       4
       0
       1
       2
       6
       2
       2
       3
       1
       1
       2
       0
       3
       2
       6
       3
       4
       2
       4
       1
       4
       0
       2
       1
       3
       1
       3
       4
       2
       1
       1
       0
       1
       1
       3
       2
       4
       2
       2
       1
       0
       3
       0
       0
       1
       1
       1
       0
       3
       2
       3
       2
       0
       2
       1
       1
       1
       3
       4
       2
       3
       3
       0
       3
       2
       0
       2
       1
       2
       2
       4
       1
       1
       1
       3
       1
       1
       1
       1
       1
       2
       1
       2
       0
       3
       1
       1
       2
       3
       3
       1
       0
       1
       2
       0
       0
       2
       3
       2
       1
       1
       0
       3
       1
       1
       1
       1
       3
       3
       1
       1
       2
       3
       0
       3
       1
       2
       3
       1
       1
       2
       1
       1
       2
       2
       1
       0
       1
       3
       2
       3
       3
       1
       2
       4
       2
       1
       2
       4
       0
       3
       1
       0
       1
       1
       1
       3
       1
       2
       1
       0
       2
       3
       0
       1
       4
       2
       4
       5
       2
       4
       1
       2
       2
       2
       1
       0
       4
       5
       2
       2
       3
       2
       1
       0
       2
       2
       2
       3
       1
       3
       0
       1
       3
       3
       2
       5
       1
       2
       1
       4
       3
       1
       1
       4
       3
       1
       0
       5
       2
       1
       0
       2
       2
       0
       3
       1
       0
       2
       3
       1
       0
       1
       2
       3
       1
       1
       2
       4
       2
       2
       1
       0
       4
       0
       0
       1
       3
       4
       2
       2
       1
       1
       1
       1
       3
       0
       1
       3
       1
       2
       3
       4
       0
       1
       3
       0
       2
       1
       2
       1
       1
       3
       3
       2
       3
       3
       1
       2
       1
       2
       2
       2
       0
       3
       2
       2
       5
       2
       4
       0
       2
       0
       3
       3
       1
       3
       4
       1
       1
       3
       1
       1
       1
       3
       3
       3
       2
       0
       0
       2
       4
       2
       2
       2
       4
       0
       2
       0
       2
       0
       3
       5
       4
       0
       0
       2
       0
       1
       3
       2
       2
       0
       1
       0
       1
       0
       2
       0
       0
       1
       1
       0
       1
       1
       2
       1
       0
       2
       3
       1
       1
       1
       2
       1
       1
       1
       3
       2
       1
       3
       2
       1
       1
       2
       2
       0
       1
       5
       0
       2
       2
       2
       2
       2
       1
       0
       4
       3
       1
       2
       1
       1
       1
       2
       2
       1
       1
       0
       1
       2
       0
       3
       0
       1
       4
       1
       2
       2
       1
       3
       0
       1
       1
       2
       0
       0
       1
       3
       3
       1
       2
       6
       0
       2
       2
       1
       0
       0
       4
       1
       1
       4
       2
       2
       2
       1
       2
       3
       2
       0
       0
       2
       2
       0
       1
       0
       1
       3
       1
       3
       2
       0
       3
       1
       1
       2
       3
       4
       2
       0
       3
       2
       0
       2
       1
       1
       3
       0
       2
       0
       3
       1
       0
       0
       1
       4
       0
       2
       0
       2
       2
       0
       1
       2
       0
       1
       2
       3
       1
       1
       3
       2
       0
       2
       3
       3
       1
       0
       2
       1
       1
       1
       2
       2
       1
       1
       1
       2
       2
       1
       0
       1
       1
       0
       1
       2
       0
       3
       1
       0
       1
       0
       3
       0
       1
       3
       2
       2
       1
       1
       1
       3
       3
       0
       1
       0
       0
       4
       2
       2
       1
       1
       0
       1
       1
       0
       0
       1
       0
       0
       0
       0
       0
       3
       0
       1
       2
       0
       0
       2
       0
       2
       1
       2
       0
       0
       2
       1
       2
       1
       0
       2
       1
       1
       2
       1
       0
       1
       0
       0
       2
       0
       0
       2
       0
       0
       1
       2
       1
       0
       2
       0
       0
       1
       1
       0
       1
       0
       2
       1
       4
       0
       0
       0
       1
       0
       0
       1
       0
       1
       1
       0
       2
       2
       0
       0
       1
       0
       1
       1
       0
       1
       0
       1
       0
       1
       2
       1
       1
       0
       1
       1
       0
       0
       1
       1
       4
       0
       1
       0
       0
       0
       0
       0
       1
       2
       2
       0
       0
       1
       1
       0
       0
       0
       0
       0
       0
       0
       0
       0
       1
       1
       1
       1
       0
       0
       0
       0
       0
       0
       0
       1
       0
       0
       0
       0
       1
       0
       0
       0
       2
       1
       1
       0
       0
       1
       2
       1
       0
       0
       0
       0
       0
       0
       5
       1
       0
       3
       1
       0
       1
       0
       0
       0
       0
       0
       2
       1
       0
       0
       0
       0
       0
       1
       0
       2
       2
       0
       0
       0
       2
       1
       1
       2
       1
       1
       0
       0
       0
       0
       0
       2
       1
       1
       1
       1
       0
       1
       0
       0
       1
       0
       0
       1
       0
       1
       0
       0
       1
       0
       0
       0
       1
       0
       2
       1
       0
       0
       4
       0
       0
       0
       1
       0
       0
       0
       0
       0
       2
       0
       1
       1
       0
       0
       0
       0
       0
       1
       0
       1
       1
       0
       1
       1
       0
       0
       1
       0
       0
       0
       0
       0
       0
       1
       1
       1
       0
       1
       1
       1
       2
       0
       0
       0
       0
       0
       1
       1
       0
       0
       1
       0
       0
       1
       2
       0
       0
       1
       0
       1
       0
       1
       0
       0
       1
       0
       0
       0
       2
       0
       1
       0
       0
       0
       0
       0
       1
       0
       0
       0
       0
       0
       0
       1
       1
       1
       0
       0
       4
       1
       1
       0
       1
       0
       0
       0
       0
       1
       0
       0
       0
       0
       1
       0
       0
       1
       0
       1
       1
       1
       1
       0
       1
       1
       0
       1
       1
       0
       0
       1
       0
       2
       0
       0
       0
       0
       0
       1
       0
       0
       0
       0
       0
       0
       0
       0
       1
       0
       0
       1
       0
       0
       2
       1
       0
       0
       1
       0
       0
       0
       0
       0
       1
       2
       0
       1
       0
       0
       0
       0
       1
       1
       0
       0
       0
       1
       1
       0
       2
       0
       1
       0
       0
       1
       1
       0
       1
       0
       0
       0
       0
       0
       1
       0
       0
       1
       0
       0
       0
       1
       0
       0
       0
       0
       0
       0
       0
       0
       0
       0
       0
       0
       0
       0
       2
       0
       0
       1
       0
       0
       0
       0
       0
       0
       0
       0
       2
       0
       0
       0
       0
       0
       1
       0
       0
       0
       0
       0
       0
       1
       0
       0
       0
       0
       0
       0
       0
       0
       0
       0
       0
       0
       0
       0
       0
       1
       0
       1
       0
       1
       0
       1
       1
       0
       1
       0
       0
       0
       1
       1
       1
       0
       0
       1
       2
       0
       0
       1
       1
       2
       0
       2
       0
       1
       0
       1
       1
       1
       0
       0
       0
       0
       0
       1
       0
       1
       1
       0
       0
       0
       0
       0
       0
       0
       1
       0
       0
       0
       1
       1
       0
       2
       1
       1
       0
       0
       0
       0
       0
       0
       0
       0
       1
       1
       1
       0
       0
       0
       0
       0
       0
       0
       0
       0
       0
       0
       0
       0
       1
       0
       0
       0
       1
       0
       0
       0
       0
       0
       0
       0
       0
       0
       1
       0
       0
       0
       0
       0
       0
       0
       0
       0
       0
       0
       0
       0
       1
       0
       0
       0
       0
       0
       0
       0
       0
       0
       0
       0
       0
       0
       0
       1
       0
       1
       0
       0
       0
       0
       1
       0
       0
       0
       0
       0
       0
       0
       0
       0
       1
       0
       0
       0
       0
       0
       0
       0
       0
       0
       1
       0
       0
       0
       1
       1
       0
       0
       0
       0
       0
       0
       0
       1
       1
       1
       0
       0
       1
       0
       1
       1
       0
       0
       0
       0
       0
       0
       0
       0
       0
       0
       0
       0
       1
       1
       1
       0
       0
       0
       0
       0
       0
       0
       1
       0
       0
       0
       0
       0
       0
       0
       0
       0
       0
       0
       0
       1
       0
       0
       0
       0
       1
       0
       1
       0
       0
       0
       0
       0
       0
       0
       1
       1
       0
       1
       1
       0
       1
       0
       0
       0
       0
       0
       1
       0
       0
       0
       0
       0
       1
       0
       0
       1
       0
       0
       0
       1
       0
       1
       0
       0
       0
       0
       1
       0
       0
       0
       0
       0
       0
       0
       0
       0
       0
       0
       1
       0
       2
       0
       0
       0
       0
       0
       0
       0
       0
       0
       0
       0
       0
       0
       0
       0
       1
       0
       0
       0
       0
       0
       1
       0
       0
       1
       0
       0
       0
       0
       0
       0
       0
       0
       0
       0
       0
       2
       0
       0
       1
       0
       1
       1
       0
       0
       0
       0
       0
       1
       0
       1
       0
       0
       0
       0
       0
       0
       0
       0
       0
       0
       0
       0
       1
       0
       0
       1
       0
       0
       0
       1
       0
       0
       0
       0
       0
       0
       0
       0
       0
       0
       0
       0
       1
       0
       0
       0
       1
       0
       0
       0
       1
       0
       1
       0
       0
       0
       0
       0
       0
       0
       0
       2
       0
       0
       1
       0
       0
       0
       0
       0
       0
       0
       1
       0
       1
       0
       0
       0
       0
       0
       0
       0
       0
       0
       0
       0
       0
       0
       0
       0
       0
       1
       1
       0
       0
       0
       0
       0
       1
       0
       0
       0
       0
       0
       0
       0
       0
       0
       0
       1
       0
       0
       0
       0
       0
       0
       0
       0
       0
       0
       0
       0
       0
       0
       0
       0
       1
       0
       0
       0
       1
       0
       0
       0
       0
       0
       0
       0
       0
       0
       0
       0
       0
       0
       0
       0
       1
       0
       0
       2
       0
       0
       0
       0
       1
       0
       0
       0
       0
       0
       0
       1
       0
       0
       1
       0
       0
       0
       0
       0
       0
       0
       0
       1
       0
       0
       0
       0
       1
       1
       0
       0
       0
       0
       0
       0
       0
       0
       0
       0
       0
       0
       1
       0
       0
       0
       0
       0
       0
       0
       1
       1
       0
       0
       0
       0
       0
       1
       0
       0
       2
       0
       0
       0
       0
       0
       0
       0
       1
       1
       2
       0
       1
       0
       0
       0
       0
       0
       0
       0
       0
       0
       0
       0
       0
       0
       0
       0
       1
       0
       0
       1
       0
       0
       0
       0
       0
       1
       0
       0
       0
       0
       1
       1
       0
       0
       0
       0
       0
       0
       0
       0
       0
       0
       2
       1
       0
       0
       0
       0
       0
       0
       0
       0
       0
       0
       0
       0
       0
       0
       0
       0
       0
       0
       0
       0
       0
       0
       0
       0
       0
       0
       0
       0
       0
       0
       0
       0
       0
       0
       0
       0
       0
       0
       0
       0
       0
       0
       1
       0
       0
       0
       0
       0
       0
       0
       0
       1
       0
       0
       0
       0
       0
       0
       0
       0
       0
       0
       0
       0
       1
       1
       0
       0
       0
       1
       1
       0
       0
       0
       0
       0
       0
       0
       0
       0
       0
       0
       0
       0
       1
       1
       0
       0
       0
       0
       0
       0
       0
       0
       0
       0
       0
       0
       1
       0
       0
       0
       0
       0
       0
       0
       0
       0
       1
       0
       0
       0
       0
       0
       0
       0
       1
       0
       0
       0
       0
       0
       1
       0
       0
       0
       0
       0
       0
       0
       0
       0
       0
       0
       0
       0
       0
       0
       0
       0
       0
       0
       0
       0
       0
       0
       1
       1
       0
       0
       0
       0
       0
       0
       0
       0
       0
       0
       0
       1
       0
       0
       0
       0
       0
       0
       0
       1
       0
       0
       0
       1
       0
       0
       0
       0
       0
       1
       0
       1
       0
       0
       0
       0
       0
       0
       0
       0
       0
       0
       0
       0
       0
       0
       0
       0
       0
       0
       0
       1
       0
       0
       0
       0
       0
       0
       1
       0
       0
       0
       0
       1
       0
       0
       0
       0
       0
       0
       0
       0
       0
       1
       0
       1
       0
       0
       0
       0
       0
       0
       0
       0
       0
       0
       0
       0
       0
       0
       0
       0
       0
       0
       1
       0
       2
       0
       0
       0
       0
       0
       0
       0
       0
       0
       0
       0
       0
       0
       0
       0
       0
       0
       0
       0
       0
       0
       0
       1
       0
       0
       0
       0
       0
       0
       1
       0
       0
       0
       0
       0
       0
       1
       0
       0
       0
       0
       0
       0
       0
       0
       0
       0
       0
       0
       0
       0
       0
       0
       0
       0
       0
       0
       0
       1
       0
       0
       1
       0
       0
       0
       0
       0
       0
       1
       0
       0
       0
       1
       0
       0
       0
       1
       0
       0
       0
       0
       0
       0
       0
       0
       0
       0
       1
       0
       1
       0
       0
       1
       0
       0
       0
       0
       0
       0
       0
       0
       0
       0
       1
       0
       0
       0
       0
       0
       0
       0
       1
       0
       0
       0
       1
       1
       0
       0
       0
       0
       0
       0
       0
       0
       0
       0
       0
       0
       0
       0
       0
       0
       0
       0
       0
       0
       0
       0
       0
       0
       1
       0
       0
       0
       0
       1
       0
       0
       0
       0
       0
       0
       0
       0
       0
       0
       0
       0
       0
       0
       0
       1
       0
       0
       0
       0
       0
       0
       0
       0
       0
       0
       0
       0
       0
       0
       0
       0
       0
       0
       0
       0
       0
       0
       0
       0
       0
       0
       0
       0
       0
       0
       0
       0
       0
       0
       0
       0
       0
       0
       0
       0
       0
       0
       0
       0
       0
       0
       0
       0
       0
       0
       0
       0
       0
       0
       0
       0
       0
       0
       0
       0
       0
       0
       0
       0
       0
       0
       0
       0
       0
       0
       0
       0
$ROI:
1
1104 1223
$PRESETS:
None
0
0
$ENER_FIT:
-2.883957 0.548638
$MCA_CAL:
3
-2.883957E+000 5.486377E-001 1.067048E-005 keV
$SHAPE_CAL:
3
6.790181E+000 8.189177E-002 -1.295770E-005
