$SPEC_ID:
No sample description was entered.
$SPEC_REM:
DET# 1
DETDESC# VCH-0609 MCB 129
AP# Maestro Version 7.01
$DATE_MEA:
02/26/2018 15:54:29
$MEAS_TIM:
900 901
$DATA:
0 4095
       0
       0
       0
       0
       0
       0
       0
       0
       0
       0
       0
       0
       0
       0
       0
       0
       0
       0
       0
       0
       0
       0
       0
       0
       0
       0
       0
       0
       0
       0
       0
      25
      27
      25
      22
      22
      31
      19
      31
      20
      34
      21
      23
      22
      26
      24
      32
      36
      34
      35
      32
      52
      36
      32
      44
      47
      35
      48
      32
      47
      39
      35
      41
      28
      35
      35
      30
      39
      24
      25
      38
      28
      27
      26
      26
      26
      25
      32
      33
      37
      45
      22
      26
      27
      36
      44
      33
      33
      43
      33
      35
      38
      32
      41
      35
      38
      35
      34
      22
      24
      31
      45
      41
      36
      31
      48
      40
      38
      37
      30
      40
      49
      39
      41
      42
      35
      51
      45
      45
      46
      30
      55
      52
      45
      39
      44
      49
      47
      47
      73
      59
      68
      70
      62
      69
      68
      75
      87
      69
     108
      94
      96
      72
      97
      98
     102
     107
      99
     112
      95
     108
     110
      90
     107
     102
      87
      88
      72
      80
      89
      84
      87
      81
      97
      71
      94
      78
      78
      85
      77
      78
      96
      75
      80
      90
      78
      75
      68
      75
      72
      63
      65
      74
      58
      50
      70
      66
      81
      59
      55
      69
      56
      53
      57
      61
      69
      54
      66
      69
      62
      78
      57
      58
      58
      69
      64
      55
      57
      69
      49
      53
      67
      55
      49
      56
      64
      60
      57
      71
      57
      62
      54
      54
      45
      65
      59
      62
      75
      61
      65
      53
      68
      83
      77
      72
      69
      87
      82
      83
      78
      74
      75
      77
      70
      75
      72
      83
      68
      77
      71
      72
      74
      70
      71
      62
      69
      78
      52
      58
      66
      67
      58
      74
      72
      60
      58
      60
      64
      58
      65
      64
      66
      76
      63
      69
      54
      65
      68
      65
      62
      56
      69
      49
      59
      62
      52
      69
      58
      48
      58
      52
      50
      55
      68
      58
      58
      58
      53
      52
      54
      65
      63
      56
      65
      60
      70
      72
      39
      46
      63
      59
      60
      62
      59
      54
      59
      50
      42
      54
      63
      45
      63
      43
      42
      57
      57
      51
      58
      46
      42
      58
      68
      59
      52
      63
      57
      50
      66
      43
      50
      42
      41
      47
      44
      51
      57
      57
      43
      48
      41
      59
      44
      52
      56
      54
      50
      52
      37
      55
      48
      51
      47
      50
      35
      41
      62
      57
      54
      42
      50
      51
      56
      56
      56
      36
      44
      53
      66
      43
      46
      48
      54
      49
      47
      56
      35
      42
      47
      44
      50
      33
      39
      39
      44
      38
      50
      50
      53
      43
      49
      66
      33
      55
      44
      57
      40
      51
      34
      39
      50
      42
      35
      49
      39
      57
      38
      49
      44
      51
      53
      46
      40
      42
      49
      48
      45
      48
      54
      40
      37
      38
      34
      39
      46
      48
      48
      37
      30
      34
      39
      35
      40
      47
      50
      47
      41
      36
      45
      45
      35
      42
      40
      37
      41
      32
      39
      42
      34
      32
      28
      29
      38
      41
      45
      53
      54
      39
      24
      42
      27
      44
      44
      42
      24
      20
      39
      38
      42
      42
      48
      30
      33
      38
      31
      32
      35
      31
      38
      40
      42
      38
      38
      28
      29
      34
      23
      27
      35
      38
      30
      33
      34
      39
      33
      29
      32
      30
      30
      30
      26
      33
      28
      30
      24
      30
      23
      36
      37
      27
      32
      29
      21
      31
      31
      32
      27
      41
      30
      26
      24
      26
      29
      34
      28
      33
      43
      29
      40
      29
      27
      23
      33
      35
      34
      23
      23
      34
      24
      35
      23
      20
      24
      36
      28
      27
      21
      41
      22
      29
      27
      28
      35
      21
      27
      21
      31
      30
      26
      21
      26
      32
      26
      25
      32
      21
      35
      32
      29
      26
      19
      28
      36
      28
      37
      32
      26
      26
      20
      25
      21
      25
      23
      24
      20
      21
      24
      27
      31
      26
      26
      34
      27
      28
      28
      20
      26
      24
      26
      27
      32
      30
      23
      20
      30
      31
      41
      17
      30
      34
      16
      23
      28
      31
      27
      27
      31
      22
      34
      27
      31
      30
      26
      22
      29
      23
      22
      27
      26
      22
      29
      35
      17
      22
      22
      19
      13
      21
      28
      26
      28
      25
      23
      24
      29
      26
      20
      23
      20
      25
      20
      26
      19
      18
      20
      26
      22
      25
      21
      24
      26
      26
      23
      28
      22
      16
      15
      25
      10
      21
      27
      20
      23
      24
      23
      15
      11
      21
      22
      18
      16
      18
      19
      22
      16
      23
      18
      30
      19
      26
      24
      24
      26
      15
      13
      17
      21
      19
      26
      22
      15
      18
      16
      19
      15
      13
      20
      17
      11
      17
      16
      19
      20
      15
      20
      17
      20
      22
      25
      14
      15
      21
      19
      22
      20
      25
      19
      15
      15
      21
      21
      17
      23
      22
      21
      20
      25
      20
      21
      26
      26
      22
      13
      20
      18
      16
      19
      19
      21
      22
      18
      14
      20
      12
      15
      19
      25
      25
      20
      19
      15
      14
      17
      28
      14
      21
      23
      21
      28
      17
      18
      29
      25
      12
      22
      16
      17
      28
      26
      24
      27
      17
      21
      22
      13
      16
      26
      20
      21
      17
      24
      24
      19
      15
      13
      19
      18
      23
      17
      16
      13
      16
      26
      16
      21
      26
      24
      13
      10
      13
      21
      16
      18
      15
      19
      11
      12
      10
      11
      17
      13
      20
      20
      18
      20
      11
      13
      15
      15
      17
      17
       7
      12
      14
      19
      15
      19
      18
      20
      15
      22
      13
      16
      17
      20
      11
      17
      25
      21
      18
      24
      20
      12
      17
      20
      24
      15
      13
      23
      15
      22
      21
      17
      13
      12
      22
      21
      15
      16
      21
      14
      20
      20
      14
      18
      17
      22
      16
      14
      23
      27
      15
      19
      26
      16
      14
      20
      19
      24
      19
      20
      28
      26
      20
      17
      15
      25
      20
      13
      18
      28
      19
      20
      10
      22
      23
      26
      21
      18
      19
      24
      20
      17
      28
      17
      18
      18
      19
      27
      25
      15
      21
      28
      13
      18
      14
      19
      23
      23
      10
      15
      21
      21
      22
      19
      14
      24
      16
      18
      14
      13
      11
      16
      21
      18
      16
      26
      15
      12
      16
      17
      19
      12
      12
      14
      18
      16
      10
       8
      13
      20
      15
      10
      22
      18
      14
      11
      14
      11
      12
      11
       8
      10
      17
       6
       9
      10
      18
       7
      19
      10
      11
      13
      10
      11
      11
      16
       5
      10
      14
      14
      12
       9
       9
      11
       9
      12
      14
      16
      11
      13
      11
      11
      13
      13
       8
      11
      12
      12
       7
      10
      15
       7
       9
      12
      12
       9
       8
      15
       9
      13
       6
       9
      22
       5
      13
       9
      13
      15
      13
      13
       7
      11
      13
      10
       8
      11
      12
       8
      15
       9
      14
       7
      12
      17
      11
      13
       7
      15
      14
      11
      10
      13
       7
      12
      12
      11
      12
      11
      14
      15
      17
      12
      17
      11
       7
      14
      16
      14
      12
      20
       9
      16
       9
      14
      16
      13
      13
      16
      11
      12
      18
      11
      17
      17
      21
      14
      22
      18
      16
      22
      20
      14
      15
      18
      19
      19
      24
      10
      21
      16
      19
      19
      17
      16
      16
      12
      20
      19
      22
      13
      19
      15
      19
      23
      13
      17
      20
      19
      18
      18
      20
      13
      25
      18
      17
      17
      16
      14
      21
      18
      15
      18
      18
      18
      23
      17
      24
      15
      19
      21
      10
      19
      20
      16
      14
      15
      18
      25
      14
      28
      14
      14
      15
      18
      15
      13
      17
      18
      13
      13
      18
      18
      15
      14
      19
      13
      18
      18
      17
      12
      11
      14
      17
      11
      16
      10
      12
      12
       8
      12
      13
       9
      12
      16
       6
       7
      12
      10
      10
      14
      11
       7
       4
      18
      14
      11
       8
      10
      10
      17
      14
      10
       8
       5
       9
       9
      10
       8
       9
      14
       7
      10
      10
       9
      10
      10
       8
       4
       8
      14
       7
       8
      13
       5
       2
       2
       6
      14
      10
       8
       4
       3
       6
       7
       5
       7
      15
       6
       6
      11
       4
      11
       8
       5
       7
       9
      12
       8
       2
       8
       5
       6
       7
       5
       3
      14
       4
       8
       5
       9
       7
       6
       5
       2
       7
      10
       9
       7
       9
       6
       3
      13
       8
       8
       5
       7
       8
       2
      10
       7
       9
      10
       8
       7
       9
       8
       3
       7
       4
      11
      12
       6
       9
       7
       7
       5
       7
       9
      10
       5
       7
       8
       9
       2
       9
       4
       8
       6
       8
       6
       7
       6
       7
       5
       6
      12
       6
      10
       7
       7
       3
       7
       7
       7
       6
       5
       3
       5
       9
       7
       5
       6
       9
       9
      13
       6
       7
       8
       2
       5
       3
       9
       7
      11
       9
       8
       6
       4
       4
       5
       8
       5
       4
      10
       3
       6
       7
       4
      10
       8
       9
       7
       9
       7
       9
       5
       6
       8
       5
       4
       7
       8
       3
       3
       7
       8
       9
       6
       3
       4
       8
       7
       9
       7
       8
       8
       6
       6
       5
       8
       4
       6
       2
       7
       8
      10
       7
       7
       8
       4
       6
       6
       9
      10
       5
       8
      11
       4
       4
       5
       9
       7
      10
       7
       8
       6
       8
       5
       5
       6
       6
      13
      12
       9
       5
      11
      11
      13
       7
      13
       1
      13
      13
      12
       7
       7
       7
      12
       9
       6
       9
      15
       5
      10
       5
       7
       6
      13
       7
      10
       8
       6
       8
       4
      10
       5
       6
       8
      10
       6
       4
       9
       7
       7
       9
       5
      10
       8
       7
       2
       9
       9
      10
      10
       5
       7
       6
       4
       7
       7
       9
       6
       5
       5
       3
      14
       4
       6
       7
      11
       9
       9
      10
       6
       4
       7
       5
       5
      11
       9
       5
       7
       5
       4
       7
       8
       7
       8
       7
      10
       5
       7
      11
       7
       7
       5
       4
      10
       5
      18
       8
       8
       5
       8
       8
      10
      11
       3
       4
       8
       5
       4
       3
       4
       9
       4
       8
       4
       5
       9
      10
       8
       1
       9
       7
      10
       8
       7
      10
       7
       5
       8
       6
       3
       1
       3
       6
       3
       4
       3
       8
       7
       9
       1
       7
       5
       7
       3
       8
      10
      11
       4
       4
       9
       8
       3
       3
       5
       6
       2
       6
       2
       6
       3
       8
       2
       5
       6
       4
       4
       5
      12
       6
       5
      10
       6
       3
      10
       7
       2
       2
       2
       2
       5
       7
       5
       3
      10
       4
       1
       6
       4
       4
       6
      10
       7
       7
       6
       6
       8
       3
       6
       5
       5
       2
       6
       6
       6
       5
       9
       6
       6
       3
       6
       4
       9
       5
       6
       5
       6
       7
       3
       5
      11
       7
       9
       1
       5
       7
       4
       4
       9
       5
       5
       2
       5
       7
       7
       8
       2
       5
       4
       7
       6
       3
       5
       4
       2
       6
       7
      11
       4
       4
       6
       8
       2
       4
       6
       7
       2
       5
       8
       6
       8
       8
       6
       3
       9
       7
      10
       2
       6
       2
       7
       0
       7
       6
       6
       4
       7
       6
       2
       3
      11
       7
       1
       4
       5
       3
       3
       3
       5
       5
       4
       2
       2
       7
       5
       4
       4
       4
       8
       5
       4
       6
       7
       4
       8
       4
       6
       5
       4
       3
       6
       4
       4
       4
       3
       9
       3
       5
      14
       2
       7
       8
       6
       5
       5
       2
       7
       6
       2
       5
       3
       6
       4
       7
       2
       8
       6
       2
       5
       5
       7
       3
       9
       7
       4
       4
       7
       3
       8
       1
       5
       5
       1
       5
       6
       5
      10
       3
       6
       4
       4
       6
       4
       6
       6
       3
       3
       7
       7
       5
       3
       4
       1
       2
      10
       3
       3
       6
       6
       4
      10
       5
       6
       4
       3
       5
       9
       3
       5
       8
       4
       5
       3
       4
       6
       4
       7
       4
       7
       6
       7
       4
       8
       1
       4
       5
       6
      11
       3
       4
       6
       9
       7
       5
       7
       6
       4
       4
       4
       3
       7
       1
       7
       6
       9
       3
       8
       6
       4
       7
       9
       4
       8
       3
       4
       1
       4
       7
       5
      10
       8
       2
       2
       5
       2
       5
       7
       2
       8
       6
       4
       1
       7
       7
       4
       4
       0
       4
       5
       3
       8
       5
       6
       6
       5
       4
       2
       5
       3
       5
       2
      11
       3
       6
       0
       5
       4
       4
       5
       5
       4
       2
       6
       5
       3
       3
       4
       3
       5
       8
       2
       6
       9
       3
       4
       4
       3
       4
       4
       3
       5
       5
       9
       6
       4
       5
       5
       6
       6
       8
       6
       6
       7
       4
       4
       9
       5
       6
       4
       4
       5
       6
       6
       8
       4
       0
       3
       5
       3
       8
       4
       1
       8
       4
       2
       6
       4
       4
       5
       3
       1
       7
       1
       4
       8
       7
       3
       5
       8
       7
       6
       2
       4
       9
       8
      11
      11
       8
       2
       5
       5
       3
       5
       4
       8
       8
       7
       7
       6
       8
       5
       7
       7
       7
       4
       5
       4
       5
       4
       4
       5
       6
       9
       5
       2
       7
      10
       5
       4
       1
      10
       3
      10
       7
       6
       4
       4
       5
       6
       4
       3
       7
       4
       4
       6
       4
       5
       6
       2
       6
       2
       8
       2
       3
       8
       6
       6
       5
       3
       2
       3
       5
       3
       4
       6
       9
       8
       5
       4
       7
       9
       3
       6
       2
       2
       7
       4
       4
       8
       5
       4
       7
       3
       4
       8
       2
       3
       4
       4
       5
       4
       4
       4
       5
       5
       7
       5
       4
       4
       1
       4
       5
       4
       2
       4
       5
       2
       2
       5
       4
       7
       2
       4
       6
      10
       3
       8
       2
       3
       4
       3
       4
       2
       2
       3
       1
       3
       5
       3
       6
       8
       6
       5
       4
       1
       0
       2
       2
       3
       6
       1
       3
       5
       3
       3
       4
       3
       2
       3
       2
       3
       2
       1
       3
       1
       1
       2
       1
       4
       2
       6
       3
       2
      10
       1
       5
       8
       1
       5
       1
       3
       6
       3
       3
       1
       3
       3
       3
       4
       3
       5
       4
       1
       3
       5
       3
       3
       2
       9
       5
       4
       1
       7
       3
       6
       3
       3
       4
       5
       6
       3
       2
       3
       1
       5
       5
       4
       3
       1
       3
       3
       4
       5
       4
       5
       0
       3
       4
       4
       3
       3
       2
       7
       3
       5
       7
       4
       4
       0
       3
       8
       1
       8
       3
       1
       6
       8
       4
       2
       3
       5
       7
       3
       5
       5
       4
       3
       3
       6
       3
       3
       5
       2
       3
       5
       5
       6
       1
       5
       7
       7
       5
       6
       6
       5
       5
       3
       0
       6
       7
       0
       3
       6
       4
       4
       1
       8
       3
       2
       6
       2
       4
       3
       6
       2
       2
       5
       3
       5
      10
       4
       9
       4
       7
       3
       3
       4
       2
       4
       3
       3
       5
       1
       6
       9
       2
       3
       7
       2
       6
       7
       2
       2
       2
       2
       3
       7
       5
       3
       2
       3
       1
       3
       3
       4
       2
       3
       5
       2
       1
       4
       1
       1
       4
       5
       2
       4
       2
       5
       3
       1
       2
       4
       2
       3
       4
       6
       5
       3
       8
       5
       1
       2
       3
       5
       1
       3
       2
       4
       1
       3
       1
       4
       2
       2
       1
       3
       4
       4
       0
       4
       1
       1
       2
       3
       2
       4
       1
       1
       3
       4
       3
       2
       0
       3
       5
       4
       2
       3
       1
       1
       4
       4
       3
       1
       3
       2
       2
       5
       7
       3
       2
       1
       1
       9
       3
       8
       5
       3
       1
       4
       2
       0
       3
       2
       6
       1
       4
       4
       3
       1
       1
       2
       2
       5
       4
       2
       1
       4
       2
       1
       2
       3
       5
       2
       2
       8
       4
       3
       3
       3
       1
       0
       1
       2
       5
       2
       1
       3
       4
       1
       2
       2
       3
       4
       4
       4
       3
       5
       6
       5
       1
       6
       2
       0
       5
       5
       3
       2
       0
       1
       7
       3
       4
       4
       5
       4
       1
       4
       4
       1
       5
       1
       2
       0
       5
       6
       3
       7
       0
       5
       5
       2
       5
       3
       5
       3
       2
       5
       3
       3
       2
       2
       5
       4
       6
       2
       1
       5
       4
       5
       3
       4
       9
       3
       7
       2
       3
       0
       4
       6
       2
       2
       1
       3
       2
       3
       2
       3
       3
       5
       3
       5
       1
       6
       3
       4
       3
       2
       5
       4
       8
       3
       0
       2
       1
       5
       1
       5
       2
       5
       3
       3
       1
       2
       4
       1
       5
       4
       3
       2
       0
       1
       1
       3
       3
       2
       3
       1
       0
       2
       2
       2
       5
       5
       4
       2
       1
       4
       1
       0
       3
       2
       2
       2
       4
       1
       5
       4
       4
       2
       1
       1
       1
       1
       3
       3
       2
       0
       0
       0
       2
       2
       2
       2
       2
       0
       3
       2
       0
       1
       2
       1
       3
       2
       1
       3
       4
       2
       5
       2
       3
       1
       1
       4
       1
       0
       2
       2
       1
       0
       1
       0
       0
       3
       0
       3
       1
       1
       2
       1
       4
       1
       3
       2
       1
       2
       0
       2
       4
       1
       0
       2
       0
       1
       1
       1
       0
       1
       0
       2
       0
       2
       0
       1
       1
       1
       0
       2
       2
       1
       1
       0
       1
       1
       3
       1
       1
       1
       1
       1
       0
       0
       0
       3
       1
       1
       2
       2
       0
       2
       1
       1
       2
       0
       0
       3
       0
       0
       1
       0
       2
       3
       1
       1
       2
       1
       0
       2
       1
       1
       2
       1
       0
       2
       1
       2
       1
       1
       1
       2
       0
       0
       0
       1
       3
       2
       2
       1
       2
       1
       0
       2
       0
       1
       3
       1
       3
       0
       1
       0
       3
       3
       0
       0
       1
       1
       1
       0
       3
       3
       0
       2
       0
       0
       3
       0
       0
       2
       2
       1
       2
       1
       2
       0
       3
       1
       2
       1
       1
       4
       2
       3
       0
       1
       1
       0
       1
       3
       2
       1
       1
       1
       0
       0
       0
       2
       0
       0
       2
       1
       1
       1
       1
       2
       0
       2
       1
       1
       1
       1
       1
       1
       0
       1
       3
       0
       0
       1
       3
       1
       2
       2
       2
       0
       2
       1
       0
       1
       0
       0
       3
       2
       0
       0
       1
       1
       0
       1
       0
       1
       3
       1
       1
       1
       0
       1
       2
       0
       3
       0
       0
       1
       1
       0
       1
       0
       4
       1
       1
       1
       0
       1
       0
       0
       0
       0
       0
       3
       0
       2
       2
       0
       1
       1
       0
       3
       2
       1
       0
       0
       2
       0
       1
       1
       0
       2
       2
       3
       1
       3
       1
       0
       1
       1
       2
       0
       0
       0
       1
       1
       0
       0
       1
       0
       1
       2
       1
       2
       0
       1
       1
       0
       0
       0
       1
       0
       1
       1
       1
       0
       2
       0
       0
       0
       1
       0
       2
       1
       0
       1
       0
       3
       0
       1
       2
       0
       1
       2
       0
       1
       0
       1
       0
       2
       0
       1
       2
       0
       2
       0
       3
       0
       0
       1
       1
       3
       0
       0
       0
       2
       1
       0
       2
       3
       1
       2
       1
       0
       0
       0
       1
       0
       1
       1
       4
       0
       0
       0
       0
       2
       0
       1
       1
       0
       0
       0
       1
       0
       2
       2
       1
       0
       0
       0
       0
       1
       1
       2
       2
       0
       0
       2
       2
       2
       1
       1
       0
       1
       2
       2
       0
       0
       0
       1
       1
       1
       1
       1
       0
       1
       0
       1
       0
       0
       0
       0
       0
       1
       1
       1
       1
       1
       0
       0
       0
       0
       2
       0
       0
       1
       0
       1
       3
       0
       0
       2
       2
       1
       0
       1
       1
       0
       1
       0
       1
       1
       2
       2
       0
       0
       0
       1
       1
       1
       2
       1
       0
       0
       1
       0
       0
       0
       2
       0
       2
       2
       1
       1
       0
       3
       0
       0
       1
       0
       0
       2
       1
       1
       2
       0
       0
       0
       0
       0
       0
       1
       0
       1
       1
       0
       1
       0
       0
       0
       0
       0
       0
       1
       0
       0
       1
       1
       0
       0
       1
       0
       1
       0
       0
       1
       1
       1
       0
       0
       2
       1
       1
       0
       0
       2
       1
       0
       2
       0
       0
       1
       0
       0
       1
       2
       2
       2
       1
       0
       1
       1
       1
       1
       0
       0
       0
       0
       0
       0
       0
       1
       2
       0
       1
       2
       0
       0
       1
       3
       0
       0
       0
       0
       0
       0
       0
       1
       1
       1
       0
       0
       0
       4
       1
       0
       0
       0
       0
       1
       1
       0
       1
       0
       0
       1
       0
       0
       1
       0
       1
       0
       0
       0
       2
       0
       0
       0
       1
       0
       0
       4
       2
       0
       2
       0
       1
       0
       0
       0
       0
       0
       0
       0
       2
       0
       0
       0
       0
       0
       1
       2
       0
       0
       1
       0
       1
       0
       1
       0
       2
       0
       0
       1
       0
       0
       0
       1
       0
       0
       0
       1
       1
       0
       0
       0
       1
       0
       1
       1
       0
       2
       1
       1
       0
       0
       0
       0
       1
       1
       1
       1
       1
       1
       0
       2
       1
       0
       0
       2
       0
       0
       2
       0
       0
       0
       0
       0
       3
       0
       0
       0
       0
       0
       1
       3
       0
       0
       2
       0
       0
       1
       0
       0
       0
       1
       2
       0
       0
       0
       0
       0
       0
       0
       1
       0
       2
       0
       1
       1
       0
       1
       0
       1
       0
       0
       0
       0
       1
       1
       0
       1
       0
       2
       0
       0
       0
       0
       0
       0
       0
       0
       2
       1
       0
       1
       2
       0
       0
       0
       1
       2
       1
       0
       0
       1
       3
       0
       0
       1
       0
       0
       1
       2
       1
       1
       1
       0
       0
       1
       1
       1
       0
       0
       0
       2
       2
       0
       1
       0
       0
       0
       1
       0
       0
       0
       0
       0
       0
       0
       0
       0
       0
       0
       0
       0
       1
       2
       1
       0
       0
       0
       0
       0
       1
       0
       0
       1
       0
       2
       0
       1
       0
       1
       0
       1
       0
       0
       1
       0
       0
       1
       0
       0
       1
       0
       0
       2
       1
       0
       0
       0
       1
       1
       1
       0
       0
       0
       0
       0
       0
       1
       0
       1
       0
       0
       0
       1
       0
       0
       1
       1
       0
       1
       0
       1
       0
       0
       1
       2
       1
       0
       1
       0
       0
       2
       0
       0
       0
       1
       1
       0
       2
       0
       1
       0
       0
       0
       0
       0
       0
       2
       0
       0
       0
       0
       0
       0
       0
       0
       0
       2
       0
       1
       1
       1
       1
       0
       2
       1
       0
       0
       1
       0
       0
       0
       0
       0
       3
       0
       0
       1
       0
       1
       0
       2
       0
       2
       0
       1
       0
       1
       0
       4
       0
       1
       0
       1
       0
       0
       0
       1
       0
       0
       0
       1
       0
       0
       0
       1
       0
       0
       1
       2
       0
       0
       0
       0
       0
       1
       0
       1
       0
       1
       0
       0
       0
       1
       0
       0
       0
       0
       1
       0
       1
       0
       2
       3
       2
       1
       1
       3
       2
       0
       0
       0
       0
       3
       1
       2
       1
       0
       2
       0
       0
       1
       0
       0
       0
       0
       0
       1
       1
       0
       0
       1
       1
       0
       1
       0
       2
       0
       0
       1
       1
       0
       0
       1
       1
       0
       0
       1
       0
       2
       0
       0
       1
       0
       0
       0
       3
       0
       1
       1
       0
       0
       1
       0
       1
       0
       0
       0
       1
       1
       0
       0
       0
       3
       0
       0
       1
       1
       0
       0
       0
       0
       0
       0
       1
       0
       0
       0
       0
       0
       0
       1
       0
       1
       0
       0
       0
       0
       0
       0
       2
       1
       1
       1
       0
       0
       0
       1
       1
       0
       1
       0
       0
       0
       0
       0
       2
       0
       1
       0
       1
       0
       0
       0
       0
       1
       0
       1
       0
       0
       2
       1
       2
       2
       0
       2
       0
       1
       1
       0
       0
       0
       1
       1
       0
       1
       1
       1
       1
       2
       0
       0
       0
       0
       1
       1
       1
       0
       0
       0
       0
       2
       0
       2
       0
       0
       0
       0
       1
       0
       1
       0
       1
       0
       0
       3
       0
       0
       0
       1
       1
       0
       1
       0
       3
       0
       0
       0
       0
       1
       0
       0
       0
       1
       0
       0
       0
       0
       0
       1
       0
       1
       1
       2
       1
       1
       1
       0
       1
       0
       2
       0
       1
       0
       0
       0
       0
       1
       0
       0
       1
       0
       1
       0
       0
       0
       2
       0
       0
       1
       1
       1
       0
       0
       0
       0
       0
       0
       0
       0
       1
       0
       2
       2
       0
       1
       1
       0
       0
       0
       0
       1
       1
       2
       0
       1
       0
       0
       0
       2
       0
       0
       0
       1
       0
       0
       1
       2
       0
       1
       2
       0
       1
       0
       1
       0
       1
       0
       0
       1
       0
       1
       1
       0
       0
       0
       0
       0
       1
       0
       0
       1
       0
       1
       2
       0
       0
       0
       0
       1
       3
       0
       0
       0
       0
       0
       1
       0
       0
       1
       1
       1
       0
       0
       0
       0
       0
       0
       0
       0
       0
       0
       0
       1
       0
       0
       0
       0
       0
       0
       1
       0
       0
       1
       1
       0
       0
       0
       0
       0
       0
       0
       0
       0
       0
       0
       0
       0
       0
       0
       0
       0
       0
       0
       0
       0
       0
       1
       0
       0
       0
       0
       0
       3
       1
       1
       0
       1
       0
       1
       1
       0
       2
       0
       0
       0
       0
       0
       0
       0
       0
       1
       0
       1
       0
       2
       1
       1
       1
       0
       0
       0
       1
       0
       0
       0
       2
       1
       0
       0
       0
       0
       1
       0
       1
       0
       0
       0
       0
       0
       1
       0
       1
       1
       0
       0
       1
       1
       1
       0
       1
       0
       0
       0
       0
       0
       0
       0
       0
       0
       0
       0
       0
       1
       0
       0
       0
       0
       0
       0
       0
       0
       0
       0
       1
       1
       1
       1
       1
       1
       1
       0
       0
       0
       0
       0
       1
       1
       0
       0
       0
       1
       0
       0
       0
       0
       0
       0
       1
       0
       1
       0
       0
       1
       0
       0
       0
       0
       0
       0
       0
       1
       0
       0
       1
       0
       1
       1
       0
       0
       0
       0
       0
       0
       0
       0
       0
       0
       0
       0
       0
       0
       0
       0
       0
       0
       0
       0
       0
       0
       0
       0
       0
       0
       0
       0
       0
       0
       0
       0
       0
       0
       0
       0
       0
       0
       0
       0
       0
       0
       0
       0
       0
       0
       0
       0
       0
       0
       0
       0
       0
       0
       0
       0
       0
       0
       0
       0
       0
       0
       0
       0
       0
       0
$ROI:
2
824 999
1064 1215
$PRESETS:
None
0
0
$ENER_FIT:
-2.883957 0.548638
$MCA_CAL:
3
-2.883957E+000 5.486377E-001 1.067048E-005 keV
$SHAPE_CAL:
3
6.790181E+000 8.189177E-002 -1.295770E-005
