$SPEC_ID:
No sample description was entered.
$SPEC_REM:
DET# 1
DETDESC# VCH-0609 MCB 129
AP# Maestro Version 7.01
$DATE_MEA:
02/26/2018 14:55:20
$MEAS_TIM:
604 605
$DATA:
0 4095
       0
       0
       0
       0
       0
       0
       0
       0
       0
       0
       0
       0
       0
       0
       0
       0
       0
       0
       0
       0
       0
       0
       0
       0
       0
       0
       0
       0
       0
       0
       3
       9
       7
      15
      14
      15
      10
       9
      14
       8
      10
      17
      12
      18
      14
      17
      12
      18
      19
      13
      12
      16
      24
      19
      21
      19
      18
      28
      41
      24
      28
      16
      21
      17
      20
      22
      20
      17
      15
      16
      15
      22
      13
      16
      18
      18
      15
      15
      18
      24
      11
      13
      19
      12
      19
      23
      18
      23
      28
      16
      22
      20
      16
      24
      20
      15
      23
      12
      12
      21
      27
      22
      17
      15
      29
      22
      24
      23
      20
      26
      17
      21
      25
      26
      18
      30
      28
      26
      30
      24
      19
      21
      25
      28
      28
      34
      29
      35
      25
      31
      27
      35
      44
      44
      37
      52
      69
      50
      62
      50
      57
      51
      68
      60
      60
      69
      57
      59
      59
      55
      77
      65
      60
      72
      54
      62
      68
      49
      78
      43
      69
      59
      53
      69
      50
      60
      45
      57
      52
      60
      57
      41
      53
      50
      56
      52
      60
      48
      60
      27
      42
      48
      38
      42
      46
      39
      56
      41
      46
      42
      38
      29
      41
      40
      33
      37
      46
      44
      40
      33
      38
      47
      36
      49
      42
      32
      44
      37
      47
      39
      37
      32
      37
      37
      51
      39
      51
      37
      46
      45
      41
      40
      53
      41
      46
      54
      45
      40
      46
      45
      49
      62
      47
      65
      44
      69
      47
      58
      54
      55
      53
      49
      55
      50
      53
      60
      49
      59
      44
      59
      32
      52
      50
      38
      46
      50
      46
      43
      45
      48
      49
      50
      35
      44
      51
      43
      36
      29
      40
      38
      40
      34
      41
      44
      41
      34
      38
      45
      35
      36
      32
      41
      38
      33
      27
      32
      38
      35
      33
      33
      32
      45
      29
      24
      40
      25
      29
      32
      36
      36
      37
      27
      30
      31
      31
      40
      39
      37
      36
      25
      27
      23
      26
      39
      29
      33
      40
      37
      26
      36
      31
      36
      33
      31
      30
      25
      32
      28
      37
      20
      29
      21
      42
      31
      26
      19
      28
      28
      27
      23
      28
      38
      16
      19
      32
      32
      35
      24
      24
      37
      27
      19
      22
      26
      26
      24
      32
      24
      17
      22
      27
      22
      34
      19
      28
      20
      31
      18
      16
      21
      24
      23
      30
      22
      27
      24
      27
      25
      17
      37
      18
      31
      22
      25
      27
      24
      32
      22
      26
      15
      22
      28
      26
      22
      17
      29
      19
      25
      31
      19
      23
      12
      26
      16
      25
      28
      17
      18
      33
      12
      26
      33
      23
      27
      19
      26
      20
      16
      29
      22
      27
      14
      19
      20
      16
      26
      18
      27
      25
      18
      17
      18
      17
      19
      10
      23
      22
      19
      20
      26
      18
      29
      22
      26
      15
      16
      26
      18
      21
      21
      21
      25
      21
      21
      22
      20
      13
      19
      31
      21
      25
      24
      22
      22
      22
      25
      19
      18
      10
      14
      21
      20
      20
      16
      24
      26
      12
      15
      13
      10
      14
      13
      20
      22
      13
      16
      11
      18
      27
      12
      14
      19
      10
      16
      13
      22
      16
      22
      13
      14
      12
      19
      13
      14
      23
      12
      19
      17
      15
      16
      16
      15
       8
      18
      22
      12
      18
      24
      19
      12
      11
      20
      17
      16
      14
      20
      12
      12
      22
      15
      14
       7
      15
      14
      12
      20
      20
      13
      17
      21
      24
      16
      15
      16
      18
      15
      12
      11
      12
      12
      22
      14
      15
      15
      14
      11
      19
      16
      11
      17
      16
      14
      18
      22
      19
      14
      16
      18
      15
      15
      12
      11
      13
       7
      11
      16
       9
       9
      11
       7
      11
      13
      12
      16
      13
      21
      10
      15
      13
      15
      10
      14
       9
       7
      11
      13
      20
      12
      15
      12
      21
      14
      13
       7
      15
       6
      10
      13
      17
      21
      13
      16
      14
      22
      13
      15
      15
      12
      17
      16
      13
      15
      18
       9
      10
      17
      14
      18
      13
      10
      11
      15
      19
      15
      12
       8
      10
      12
      14
       8
      17
      18
      11
      15
      14
      11
      17
      16
      12
      15
      17
      14
      15
       8
      16
      18
      10
      12
      13
       5
       9
      17
      12
      14
       7
       7
       8
      11
      10
      13
      12
      14
      10
      12
      10
      11
       9
      11
      11
      14
      12
      14
       7
       8
      16
       7
       5
      11
       8
       9
      13
      15
      11
      14
       7
       9
      16
      12
       7
      11
       6
      14
       9
      13
      10
      11
      14
       8
       5
      13
       8
       9
       6
       8
      12
       8
      13
       8
      12
      10
      13
       5
       9
      20
       6
       8
       7
      11
       8
      12
      11
      15
       6
      14
       9
      15
      10
       4
      13
       5
      11
      10
       9
       6
       6
      12
       8
       8
      14
       8
       7
      10
      12
       9
      11
       7
       8
      14
      12
       7
       9
      11
      12
       8
      10
       9
       8
      10
      12
       7
       3
       8
       8
      16
      10
       6
      10
      12
      17
      11
      11
       9
       8
       6
      12
       5
      11
       5
      10
      11
      16
       8
       9
       5
      10
       7
       8
      15
       5
      11
      10
       9
       9
       6
       9
       6
       9
       7
      13
       8
       8
      14
       9
      10
      11
      12
      11
       7
       8
       8
      12
       9
       6
       9
       4
      11
       8
       7
       9
      16
       6
       9
      10
       9
       4
      10
       6
      11
      17
      11
      12
      12
       2
      11
      10
      10
       9
      13
       5
       9
      11
       8
       6
       5
       8
       6
      14
      13
      10
      17
       5
       5
       7
      11
      13
      10
       8
      12
       4
       7
      13
      11
       9
       7
      10
      11
      10
      15
      12
       9
       4
       8
      14
       9
      12
       5
      11
       9
       9
       9
      10
      12
      10
      12
      13
      11
       7
      16
       6
      10
      12
      12
      11
      11
       7
      10
       9
      14
      13
      12
      12
      10
      18
      17
      11
      10
      10
      12
       8
      15
      11
       8
      13
      16
       3
      16
      10
      13
      10
       9
      14
       7
       4
      11
      12
       6
       5
       8
       8
       5
       8
       6
      12
      15
       8
      13
       8
       6
       8
      11
       6
       6
      10
       7
      14
       5
       9
       5
       8
       6
       3
       3
       5
       9
       3
       8
       6
       5
       8
      12
       9
       8
       1
      11
       4
       7
       5
       8
       6
       8
       2
       8
       5
       6
       4
      15
       8
       6
       7
       6
       8
       6
       4
       5
       6
       7
       4
       7
       5
       5
       5
      11
       4
       8
       4
       5
       4
       7
       6
       7
       6
       6
      10
       5
       9
       3
       3
       5
       7
       6
      10
      10
       4
       9
      11
       9
       2
       5
       7
       4
       6
       6
       9
       5
       5
       8
      10
       7
       5
       9
       4
       3
       6
       7
       5
       6
       7
       3
       6
      10
       5
       8
       5
       8
       5
       6
       9
       8
       9
       4
       5
       5
       4
       5
       8
       5
       6
       5
       7
       4
       8
      10
       5
       4
       8
       6
       4
       4
       4
       5
       1
       4
       4
       7
       3
       7
      13
       3
       3
       5
       6
      10
      12
       6
       4
       5
      11
       9
       5
       4
      10
       8
       8
       5
      10
       6
      10
       7
      12
       6
       5
       6
       1
       7
       6
       8
       9
       5
       4
       7
       5
       4
       1
       7
      11
      12
       6
      10
       5
       9
      12
       3
       9
       4
       8
      13
       6
       5
      12
       1
       3
       5
       7
       4
       5
       8
       4
       5
       8
       8
       6
       8
       3
       6
       4
       5
       5
       8
       5
       5
       7
       3
       5
       3
       4
       5
       6
       5
       5
       6
       8
       6
       4
       6
       5
       8
       3
       7
       7
       4
       3
       4
       3
       6
       9
       7
       6
       7
       6
       6
       6
      10
       8
       6
       6
       8
       3
       4
       8
       4
       4
       6
       5
       7
       9
      11
       7
       8
       4
       8
       4
       6
       4
       5
       4
       4
       6
       4
       2
       2
       6
       4
       3
       5
       4
       7
       5
       5
       4
       4
       7
       6
       5
       3
       4
       4
       6
       4
       2
       6
       6
       5
       3
       3
       3
       3
       5
       6
       5
       3
       3
       4
       3
       3
       5
       7
       6
      10
       2
       9
       4
       4
       5
       3
       2
       3
       2
       3
       3
       3
       2
       5
       3
       9
       4
       4
       1
       5
       5
       3
       5
       2
       4
       6
       2
       2
       7
       2
       3
       1
       3
       4
       4
       4
       4
       2
       4
       4
       3
       5
       6
       3
       2
       3
      11
       4
       3
       4
       1
      12
       2
       1
       7
       3
       5
       8
       5
       7
       7
       3
       4
       5
       3
       5
       2
       5
       3
       3
       6
       4
       5
       4
       4
       6
       4
       8
       4
       4
       6
       3
       2
       2
       5
       5
       8
       5
       7
       6
       4
       5
       4
       3
       3
       2
       3
       4
       2
       3
       8
       3
       2
       5
       2
       7
       4
       5
       3
       3
       5
       4
       5
       5
       7
       1
       4
       6
       5
       3
      13
       4
       6
       2
       5
       4
       8
       2
       4
       3
       2
       6
       5
       7
       6
       6
      10
       6
       7
       3
       3
       1
       3
       6
       6
       4
       8
       4
       4
       6
       9
       4
       3
       2
       6
       4
       2
       3
       8
       6
       5
       3
       2
       5
       6
       6
       3
       2
       4
       6
       5
       6
       7
       3
       2
       8
       5
      12
       9
       4
       3
       5
       3
       8
       5
       5
       5
       9
       3
       5
       1
       1
       5
      10
       8
       7
       3
       5
       3
       2
       6
       7
       9
      11
       4
       5
       6
       4
       5
       9
       5
       7
       7
      13
       9
       7
       7
       4
       6
       6
       1
       9
       7
       5
       1
       5
      11
       3
       4
       8
       8
       5
       9
       5
       6
       7
       3
       4
       3
       2
       5
       2
       6
       3
       3
      11
       6
       3
       3
       6
       8
       4
       7
       5
       6
       4
       6
       6
       5
       5
       2
       7
       3
       5
       1
       5
       6
       2
      10
       4
       4
       3
       5
       5
       3
       6
       6
       6
       6
       5
       2
       5
       1
       8
      11
       4
       4
       2
       3
       8
       6
       3
       7
       5
       8
       3
       3
       7
       7
       2
       7
       8
       3
       3
       6
       3
       7
       3
       2
       3
       5
       6
       3
       6
       7
       3
       4
       3
       3
       4
       6
       2
       5
       2
       9
       7
       5
       2
       4
       4
       2
       3
       5
       4
       2
       5
       7
       0
       5
       2
       8
       4
       6
       9
       6
       4
       3
       2
       3
       5
       4
       6
       3
       2
       4
       3
       1
       5
      10
       1
       3
       3
       7
       5
       3
       3
       4
       2
       2
       3
       4
       3
       3
       6
       7
       2
       2
       2
       4
       1
       5
       8
       5
       5
       2
       6
       1
       3
       5
       0
       1
       5
       5
       3
       3
       2
       1
       4
       3
       6
       7
       6
       2
       5
       5
       1
       2
       4
       3
       3
       3
       2
       4
       2
       8
       2
       4
       2
       3
       2
       2
       4
       3
       1
       2
       2
       6
       3
       9
       3
       8
       3
       4
       3
       4
       3
       5
       5
       3
       5
       2
       2
       4
       3
       5
       5
       3
       6
       5
       1
       4
      11
       6
       2
       4
       4
       3
       3
       5
       6
       6
       6
       6
       4
       4
       6
       1
       3
       4
       7
       5
       6
       7
       1
       6
       3
       9
       4
       3
       4
       3
       4
       5
       0
       5
       4
       3
       4
       2
       3
       1
       3
       2
       2
       1
       6
       4
       2
       0
       2
       4
       2
       3
       4
       3
       2
       6
       5
       3
       5
       5
       4
       3
       2
       3
       5
       6
       3
       4
       3
       0
       5
      10
       2
       2
       1
       5
       2
       2
       2
       3
       2
       3
       3
       3
       4
       3
       4
       4
       2
       6
       1
       3
       2
       5
       3
       1
       3
       2
       4
       2
       2
       6
       3
       3
       3
       1
       2
       2
       4
       5
       4
       5
       5
       0
       3
       3
       4
       5
       6
       1
       1
       1
       3
       3
       3
       2
       2
       7
       2
       5
       3
       3
       2
       2
       1
       2
       3
       4
       2
       4
       2
       2
       3
       5
       1
       2
       3
       3
       3
       4
       2
       4
       6
       2
       4
       6
       0
       5
       3
       4
       1
       3
       3
       4
       3
       0
       3
       1
       3
       4
       2
       2
       2
       2
       1
       8
       2
       4
       2
       1
       4
       2
       5
       3
       2
       4
       3
      10
       3
       5
       3
       4
       1
       4
       6
       0
       2
       3
       3
       5
       3
       4
       3
       4
       1
       3
       3
       4
       4
       1
       4
       5
       6
       2
       0
       3
       8
       1
       2
       4
       3
       8
       7
       5
       3
       2
       7
       3
       3
       5
       4
       6
       1
       3
       3
       4
       3
       6
       2
       0
       3
       3
       4
       4
       5
       8
       2
       1
       4
       5
       8
       2
       3
       4
       7
       7
       4
       4
       7
       4
       3
       2
       4
       5
       3
       2
       5
       5
       4
       1
       4
       4
       1
       3
       2
       3
       3
       6
       3
       2
       4
       7
       8
       2
       1
       3
       4
       4
       6
       2
       8
       4
       2
       1
       3
       2
       1
       4
       3
       2
       3
       4
       3
       2
       3
       2
       7
       5
       4
       5
      10
       1
       4
       3
       3
       5
       2
       8
       4
       2
      10
       3
       1
       4
       3
       4
       6
       4
       3
       7
       8
       0
       3
       4
       8
       5
       3
       7
       8
       5
       6
       9
       5
       1
       5
       6
       7
       2
       6
       9
       5
       8
       3
       7
       8
       3
       3
       5
       5
       5
       2
       4
       1
       3
       4
       2
       6
       8
       5
       5
       4
       4
       2
       5
       5
       5
       1
       6
       5
       6
       5
       4
       4
       4
       4
       3
       2
       3
       2
       4
       3
       4
       3
       0
       4
       4
       9
       3
       4
       3
       1
       2
       6
       3
       5
       5
       3
       4
       2
       1
       2
       3
       2
       2
       2
       2
       4
       2
       2
       1
       2
       4
       4
       4
       3
       2
       0
       3
       2
       4
       1
       3
       2
       2
       3
       3
       2
       2
       3
       1
       1
       1
       0
       1
       1
       2
       0
       2
       1
       2
       1
       5
       4
       3
       1
       5
       2
       1
       3
       3
       1
       4
       1
       1
       2
       5
       3
       2
       2
       3
       4
       0
       4
       1
       1
       3
       6
       2
       2
       1
       3
       3
       6
       4
       0
       4
       0
       2
       1
       1
       3
       3
       2
       4
       4
       2
       2
       2
       1
       2
       3
       3
       0
       3
       1
       0
       1
       3
       4
       5
       2
       2
       1
       2
       4
       1
       0
       2
       3
       2
       1
       3
       1
       5
       1
       1
       3
       2
       6
       0
       1
       2
       6
       2
       0
       2
       3
       4
       1
       3
       4
       2
       2
       3
       2
       2
       2
       4
       2
       2
       1
       2
       0
       4
       2
       4
       4
       1
       2
       3
       1
       1
       0
       1
       5
       4
       1
       1
       3
       4
       2
       1
       2
       2
       2
       3
       4
       3
       2
       2
       5
       5
       3
       6
       1
       5
       3
       3
       2
       1
       1
       2
       3
       6
       5
       1
       3
       1
       4
       5
       4
       4
       3
       1
       2
       2
       3
       4
       2
       2
       5
       4
       0
       4
       5
       2
       0
       2
       3
       4
       4
       2
       1
       2
       1
       2
       2
       2
       0
       4
       1
       0
       2
       2
       3
       4
       2
       5
       3
       2
       2
       1
       3
       3
       2
       3
       2
       3
       1
       3
       6
       3
       3
       2
       1
       4
       3
       1
       1
       3
       1
       3
       2
       3
       3
       1
       1
       1
       3
       1
       3
       3
       1
       2
       1
       1
       2
       3
       1
       1
       1
       5
       2
       5
       3
       1
       4
       2
       1
       3
       2
       2
       2
       4
       1
       1
       0
       0
       0
       1
       3
       1
       0
       3
       3
       1
       1
       1
       4
       3
       3
       2
       3
       4
       2
       2
       4
       1
       0
       0
       2
       0
       2
       2
       0
       3
       3
       1
       1
       2
       0
       1
       0
       2
       1
       2
       4
       3
       2
       2
       0
       4
       2
       2
       2
       1
       0
       1
       1
       0
       2
       3
       3
       3
       1
       0
       5
       2
       1
       4
       1
       3
       5
       3
       2
       1
       1
       3
       4
       1
       1
       1
       0
       5
       2
       4
       1
       1
       1
       2
       4
       3
       4
       1
       2
       3
       1
       1
       0
       3
       2
       0
       2
       4
       4
       1
       4
       2
       6
       3
       3
       3
       0
       2
       2
       1
       2
       4
       1
       1
       2
       4
       1
       1
       2
       4
       1
       4
       2
       2
       4
       5
       2
       2
       3
       3
       2
       1
       5
       1
       0
       3
       4
       3
       0
       2
       1
       2
       2
       4
       4
       0
       3
       3
       3
       4
       1
       0
       2
       2
       2
       2
       2
       3
       1
       0
       4
       1
       0
       2
       0
       1
       2
       2
       6
       3
       2
       4
       2
       2
       1
       3
       2
       3
       3
       0
       0
       1
       0
       1
       2
       0
       2
       1
       0
       3
       1
       1
       2
       4
       0
       0
       1
       3
       0
       0
       0
       1
       2
       1
       0
       0
       2
       1
       1
       1
       2
       0
       3
       2
       1
       0
       0
       2
       2
       0
       0
       0
       2
       1
       1
       2
       3
       1
       3
       1
       0
       0
       2
       0
       3
       1
       0
       2
       1
       0
       3
       2
       0
       1
       1
       0
       1
       0
       1
       0
       0
       2
       2
       3
       1
       1
       0
       1
       0
       2
       1
       1
       0
       1
       0
       1
       0
       2
       0
       0
       1
       0
       0
       0
       1
       1
       0
       0
       0
       2
       1
       0
       1
       1
       0
       1
       1
       0
       0
       1
       1
       1
       1
       0
       0
       1
       0
       1
       0
       3
       3
       0
       0
       0
       1
       1
       1
       0
       1
       0
       0
       1
       0
       0
       3
       1
       0
       0
       0
       0
       0
       1
       1
       0
       2
       0
       0
       0
       0
       2
       0
       0
       1
       0
       1
       2
       0
       1
       2
       0
       0
       0
       2
       0
       0
       0
       1
       2
       0
       0
       4
       0
       2
       1
       1
       2
       0
       0
       0
       0
       0
       1
       3
       0
       0
       0
       0
       1
       2
       1
       1
       1
       0
       0
       0
       1
       3
       0
       1
       0
       1
       2
       1
       0
       1
       0
       1
       1
       1
       2
       1
       1
       1
       0
       1
       0
       0
       0
       0
       1
       0
       0
       2
       2
       0
       1
       0
       2
       0
       0
       1
       1
       0
       0
       0
       0
       0
       1
       0
       2
       1
       0
       0
       1
       0
       2
       0
       0
       2
       0
       2
       0
       0
       0
       0
       2
       0
       2
       1
       1
       0
       3
       1
       0
       1
       1
       1
       0
       1
       1
       1
       1
       3
       1
       1
       0
       1
       0
       2
       0
       1
       4
       0
       0
       2
       0
       0
       1
       1
       0
       0
       1
       1
       0
       1
       0
       0
       0
       1
       0
       1
       0
       2
       0
       1
       1
       0
       1
       2
       2
       1
       0
       0
       1
       1
       0
       1
       0
       1
       0
       1
       1
       0
       1
       0
       0
       3
       0
       0
       1
       0
       0
       0
       0
       1
       1
       0
       2
       0
       1
       1
       2
       1
       0
       0
       0
       1
       2
       0
       0
       0
       1
       1
       1
       0
       1
       0
       2
       0
       0
       0
       1
       0
       2
       0
       2
       2
       0
       0
       0
       0
       0
       0
       2
       1
       0
       0
       0
       1
       1
       0
       0
       0
       1
       0
       1
       0
       0
       0
       2
       0
       1
       0
       2
       0
       0
       0
       0
       1
       0
       1
       1
       1
       1
       2
       2
       0
       1
       0
       1
       2
       1
       0
       0
       1
       1
       2
       0
       0
       2
       1
       1
       0
       0
       1
       0
       0
       0
       0
       1
       1
       0
       0
       0
       0
       0
       0
       2
       0
       0
       1
       1
       0
       2
       0
       0
       0
       0
       0
       1
       0
       3
       0
       0
       1
       0
       0
       1
       0
       0
       3
       2
       2
       2
       0
       1
       0
       0
       1
       0
       0
       1
       0
       1
       0
       0
       1
       0
       0
       1
       0
       1
       1
       1
       0
       1
       1
       0
       0
       0
       1
       1
       2
       0
       1
       2
       2
       2
       1
       0
       0
       0
       0
       1
       0
       1
       0
       1
       0
       0
       0
       0
       0
       2
       1
       1
       0
       1
       0
       0
       1
       0
       1
       0
       0
       1
       0
       0
       0
       0
       1
       0
       1
       0
       2
       1
       0
       0
       1
       0
       0
       0
       0
       0
       1
       0
       1
       1
       0
       0
       0
       1
       1
       2
       0
       1
       0
       1
       1
       2
       1
       0
       0
       0
       0
       1
       0
       0
       0
       1
       0
       2
       0
       0
       1
       1
       0
       0
       0
       0
       1
       0
       0
       1
       1
       0
       1
       1
       0
       0
       1
       0
       0
       0
       2
       0
       0
       2
       0
       1
       0
       0
       0
       0
       0
       0
       1
       0
       0
       1
       0
       2
       0
       0
       3
       2
       1
       1
       0
       1
       0
       0
       1
       1
       1
       0
       1
       0
       0
       0
       1
       0
       0
       0
       0
       2
       1
       0
       0
       0
       1
       1
       1
       1
       0
       1
       0
       0
       2
       0
       0
       0
       0
       1
       2
       0
       0
       0
       1
       0
       2
       1
       1
       0
       0
       2
       0
       0
       0
       1
       0
       0
       0
       0
       0
       1
       0
       0
       2
       0
       1
       0
       0
       1
       1
       1
       1
       0
       1
       0
       1
       0
       1
       1
       1
       1
       1
       0
       0
       0
       1
       0
       1
       1
       0
       0
       1
       2
       1
       0
       0
       2
       0
       0
       1
       0
       0
       2
       0
       0
       0
       0
       0
       1
       0
       1
       0
       0
       0
       0
       0
       0
       0
       0
       0
       0
       0
       0
       1
       0
       1
       1
       1
       1
       0
       1
       0
       1
       0
       0
       0
       0
       0
       1
       1
       0
       0
       0
       0
       0
       0
       1
       0
       1
       0
       0
       2
       0
       0
       1
       0
       1
       0
       1
       0
       1
       0
       2
       0
       1
       0
       0
       0
       1
       0
       1
       0
       0
       0
       0
       1
       0
       0
       0
       1
       0
       0
       0
       1
       0
       0
       1
       0
       1
       1
       1
       0
       1
       0
       0
       0
       0
       0
       0
       1
       1
       0
       0
       0
       0
       2
       0
       0
       1
       0
       0
       1
       0
       2
       0
       0
       0
       0
       0
       0
       0
       1
       0
       0
       0
       0
       0
       1
       0
       1
       0
       0
       1
       0
       0
       0
       0
       0
       0
       0
       0
       0
       0
       0
       0
       1
       1
       0
       0
       1
       0
       0
       0
       0
       0
       0
       0
       0
       0
       0
       0
       0
       0
       0
       1
       1
       0
       0
       0
       0
       0
       0
       0
       0
       1
       0
       0
       0
       0
       2
       0
       0
       0
       1
       0
       1
       1
       0
       1
       0
       2
       0
       0
       0
       0
       0
       0
       0
       0
       0
       0
       0
       0
       2
       2
       0
       1
       0
       0
       0
       0
       0
       0
       0
       0
       0
       1
       0
       0
       3
       0
       1
       0
       0
       0
       1
       0
       1
       0
       1
       0
       0
       0
       2
       0
       0
       1
       0
       0
       0
       1
       1
       0
       1
       0
       0
       0
       0
       1
       0
       0
       0
       0
       0
       0
       0
       0
       0
       0
       1
       0
       0
       0
       0
       0
       0
       0
       0
       1
       0
       0
       0
       0
       0
       1
       0
       0
       0
       0
       0
       2
       0
       0
       0
       1
       0
       0
       1
       0
       1
       0
       0
       0
       1
       1
       0
       0
       0
       0
       0
       0
       0
       0
       0
       0
       0
       0
       1
       1
       0
       0
       1
       0
       1
       0
       0
       0
       1
       1
       0
       0
       0
       1
       0
       1
       0
       0
       1
       2
       1
       0
       0
       0
       0
       0
       0
       0
       2
       0
       0
       1
       0
       1
       0
       0
       1
       1
       1
       0
       1
       2
       0
       0
       0
       0
       0
       1
       0
       1
       1
       1
       0
       1
       0
       0
       0
       1
       0
       0
       0
       0
       0
       0
       0
       1
       0
       0
       0
       0
       0
       0
       0
       0
       0
       0
       0
       1
       0
       0
       0
       0
       2
       1
       0
       0
       0
       0
       0
       0
       0
       0
       0
       0
       0
       1
       0
       1
       0
       0
       1
       0
       0
       0
       0
       0
       0
       1
       0
       0
       0
       0
       0
       1
       1
       0
       1
       0
       1
       0
       0
       0
       0
       1
       0
       0
       0
       0
       0
       0
       0
       0
       1
       0
       2
       0
       0
       0
       0
       1
       1
       0
       0
       0
       0
       0
       1
       1
       0
       0
       0
       0
       0
       1
       0
       0
       0
       1
       1
       1
       0
       0
       0
       0
       3
       0
       0
       0
       0
       0
       0
       1
       0
       0
       2
       1
       0
       1
       0
       0
       1
       1
       0
       0
       0
       0
       0
       0
       0
       0
       0
       0
       1
       0
       1
       0
       0
       0
       0
       0
       0
       1
       0
       0
       1
       0
       0
       1
       1
       1
       1
       1
       0
       0
       1
       1
       0
       1
       0
       0
       0
       1
       1
       0
       1
       1
       0
       0
       0
       0
       0
       0
       0
       0
       0
       0
       0
       2
       0
       1
       0
       0
       0
       0
       1
       0
       0
       0
       0
       0
       0
       0
       0
       0
       0
       0
       0
       0
       0
       0
       0
       0
       0
       2
       0
       0
       0
       1
       0
       0
       0
       0
       0
       0
       0
       0
       0
       0
       0
       0
       0
       0
       1
       1
       0
       0
       0
       0
       0
       0
       2
       0
       0
       1
       0
       0
       0
       0
       0
       0
       1
       0
       0
       0
       0
       0
       1
       1
       0
       0
       0
       0
       0
       0
       0
       0
       1
       0
       0
       1
       0
       0
       2
       0
       0
       1
       0
       1
       0
       0
       0
       0
       0
       0
       0
       1
       0
       0
       1
       0
       0
       1
       0
       0
       0
       0
       0
       0
       1
       0
       0
       0
       1
       0
       0
       1
       0
       0
       0
       0
       0
       0
       3
       0
       0
       0
       1
       0
       0
       0
       0
       1
       1
       0
       0
       0
       0
       0
       0
       0
       0
       0
       0
       0
       0
       0
       1
       0
       0
       0
       0
       0
       0
       0
       0
       0
       0
       0
       0
       0
       0
       0
       0
       1
       1
       1
       0
       0
       0
       0
       1
       0
       3
       0
       0
       0
       0
       0
       2
       1
       0
       0
       0
       0
       0
       0
       0
       0
       0
       0
       0
       0
       0
       0
       0
       0
       0
       0
       0
       0
       0
       0
       0
       0
       0
       0
       0
       0
       0
       0
       0
       0
       0
       0
       0
       0
       0
       0
       0
       0
       0
       0
       0
       0
       0
       0
       0
       0
       0
       0
       0
       0
       0
       0
       0
       0
       0
       0
       0
       0
       0
       0
       0
       0
       0
       0
       0
$ROI:
1
2324 2644
$PRESETS:
None
0
0
$ENER_FIT:
-2.883957 0.548638
$MCA_CAL:
3
-2.883957E+000 5.486377E-001 1.067048E-005 keV
$SHAPE_CAL:
3
6.790181E+000 8.189177E-002 -1.295770E-005
