$SPEC_ID:
No sample description was entered.
$SPEC_REM:
DET# 1
DETDESC# VCH-0609 MCB 129
AP# Maestro Version 7.01
$DATE_MEA:
02/26/2018 16:02:08
$MEAS_TIM:
902 903
$DATA:
0 4095
       0
       0
       0
       0
       0
       0
       0
       0
       0
       0
       0
       0
       0
       0
       0
       0
       0
       0
       0
       0
       0
       0
       0
       0
       0
       0
       0
       0
       0
       0
       2
      13
      13
      15
      17
      18
      11
      18
      18
      21
      13
      23
      15
      22
      24
      29
      26
      19
      25
      28
      45
      24
      28
      42
      38
      38
      38
      40
      42
      26
      34
      33
      31
      28
      44
      29
      34
      31
      29
      25
      22
      26
      22
      16
      19
      21
      18
      16
      25
      23
      29
      32
      24
      20
      18
      37
      28
      28
      40
      28
      24
      23
      27
      33
      36
      22
      19
      28
      27
      26
      27
      31
      31
      23
      25
      27
      38
      35
      32
      32
      43
      37
      47
      47
      38
      46
      42
      39
      43
      39
      44
      46
      35
      55
      37
      48
      41
      48
      50
      49
      64
      56
      66
      66
      75
      74
      70
      79
      91
      88
      81
      72
      92
     102
      85
      97
      90
     104
      98
     132
      99
     115
      81
     110
     107
     103
      81
      87
     101
      90
      93
      79
      91
      81
      79
      79
      90
      97
      88
      91
      74
      78
      90
      68
      67
      74
      87
      71
      69
      78
      81
      69
      62
      75
      60
      55
      67
      71
      65
      73
      65
      67
      47
      55
      58
      65
      79
      59
      65
      64
      64
      55
      71
      73
      45
      62
      71
      73
      68
      56
      74
      65
      71
      70
      69
      61
      71
      67
      63
      67
      67
      76
      73
      72
      66
      81
      82
      61
      81
      78
      77
      69
      80
      85
      86
      98
      75
      75
      77
      85
      88
      63
      66
      80
     100
      84
      85
      91
      68
      62
      83
      82
      58
      63
      71
      74
      76
      61
      58
      64
      63
      58
      68
      52
      57
      61
      69
      65
      49
      64
      59
      52
      55
      49
      59
      52
      57
      44
      54
      46
      61
      46
      65
      59
      58
      64
      62
      46
      57
      42
      60
      51
      57
      50
      44
      54
      52
      45
      68
      44
      50
      50
      43
      48
      39
      52
      46
      56
      40
      46
      51
      40
      49
      41
      49
      39
      51
      50
      43
      53
      40
      42
      43
      46
      46
      40
      31
      46
      42
      35
      32
      43
      56
      40
      51
      42
      44
      33
      34
      33
      32
      56
      38
      50
      42
      42
      36
      37
      43
      40
      41
      47
      39
      38
      42
      46
      43
      50
      48
      44
      38
      45
      39
      35
      34
      29
      32
      33
      36
      45
      23
      41
      36
      45
      42
      30
      38
      27
      36
      28
      38
      35
      33
      28
      41
      47
      40
      36
      40
      31
      35
      29
      33
      28
      49
      39
      33
      43
      33
      35
      45
      32
      39
      38
      36
      31
      27
      39
      42
      33
      43
      29
      32
      28
      30
      34
      36
      34
      22
      35
      32
      39
      33
      32
      36
      33
      29
      39
      35
      27
      37
      37
      24
      20
      35
      25
      36
      36
      24
      27
      31
      40
      24
      30
      37
      29
      26
      31
      44
      32
      24
      34
      17
      30
      23
      25
      22
      24
      32
      41
      33
      26
      23
      31
      33
      27
      30
      25
      15
      32
      26
      36
      26
      29
      26
      29
      33
      31
      27
      22
      30
      24
      21
      10
      34
      29
      33
      39
      21
      31
      34
      34
      31
      24
      33
      20
      24
      19
      17
      27
      24
      18
      23
      16
      26
      17
      25
      29
      23
      21
      26
      21
      23
      27
      27
      25
      26
      28
      18
      24
      26
      26
      18
      28
      21
      17
      16
      26
      29
      17
      23
      24
      19
      19
      29
      26
      31
      29
      19
      20
      25
      28
      23
      19
      18
      23
      25
      26
      22
      26
      24
      16
      23
      23
      16
      19
      21
      30
      30
      23
      23
      18
      23
      18
      18
      27
      19
      20
      23
      21
      24
      19
      28
      21
      18
      17
      18
      30
      16
      17
      19
      24
      28
      27
      14
      15
      27
      22
      23
      27
      24
      14
      17
      19
      18
      20
      18
      28
      21
      22
      21
      20
      22
      19
      18
      27
      17
      19
      19
      23
      26
      19
      21
      20
      19
      22
      15
      20
      17
      20
      15
      22
       9
      21
      26
      13
      19
      11
      21
      20
      27
      21
      25
      12
      21
      25
      19
      24
      15
      33
      18
      21
      24
      19
      23
      18
      18
      14
      16
      26
      26
      12
      17
      21
      22
      19
      18
      29
      18
      21
      17
      24
      26
      24
      22
      19
      17
      14
      24
      17
      18
      12
      15
      19
      13
      14
      20
      13
      18
      20
      16
      18
      16
      11
      16
      24
      15
      23
      17
      16
      17
      18
      13
      14
      19
      23
      14
      13
      16
      14
      29
      16
      23
      16
      18
      16
      13
      20
      21
      21
      14
      19
      16
      11
      15
      10
      10
      21
      25
      15
      11
       9
       8
      12
       9
      15
      14
       9
      16
      11
      17
      15
      15
      11
       9
       9
      22
      16
      19
      13
      11
      20
      17
      12
      12
      11
      12
       9
      15
      16
      11
      14
      13
      17
      15
      11
      26
      17
      13
      19
      11
       6
      10
      22
      14
      17
      16
      15
      13
      11
      19
      20
      15
      14
      17
       6
      17
      14
      13
      11
      18
      12
      16
      11
      12
      10
      16
      15
      20
      16
      14
      17
      11
      20
       9
      17
      14
      19
      18
      12
      16
       7
      15
      17
      13
      18
       8
      10
       8
       9
      12
      21
      12
      19
      12
       6
      15
      16
      18
      12
      16
      14
      21
      18
      10
      12
      10
      14
      11
      12
       7
      17
      17
      15
      12
      11
      17
      17
      13
      21
      15
      13
       8
      23
      18
      19
      15
      18
      19
      15
      20
      11
      16
      11
      18
      16
      15
      17
      19
      11
      18
       6
      15
      11
       6
      11
      15
      12
      20
      17
       7
      14
      18
      10
      18
       7
      13
      14
      12
      20
      14
      17
      17
      19
      21
      26
      21
      18
      17
      15
      13
      23
      18
       8
      10
       9
      13
      17
      18
      15
       5
      20
      27
      12
      15
      16
      17
      14
      18
      12
      18
      14
      11
      19
      26
      24
      13
      23
      17
      11
      10
      16
      22
      21
      26
      16
      19
      14
      16
      12
      15
      16
      14
      19
      21
      13
      13
      15
      16
      15
      21
      15
      21
       8
      14
      18
      20
      17
      27
      10
      19
       8
      17
       8
       9
      18
      11
      12
      11
      14
      14
      15
       9
      15
      16
       7
      11
      14
       6
      15
      10
      16
      10
       9
       5
      15
      13
      12
      10
       6
      13
       8
      11
      10
       5
       6
       8
       8
       9
      13
      15
      11
       9
       8
      12
       9
      14
       7
       3
      10
      12
      13
      10
      11
       8
       2
      14
       8
      11
       9
       9
      12
       7
      18
       8
       8
       9
       8
      12
       7
      14
      10
       9
      11
      12
       7
       6
       6
       6
       6
       5
      10
      12
       7
      11
      11
      10
      12
       6
      12
       9
       4
      12
      16
      13
       5
       8
       9
       7
       8
      11
      13
       5
       1
       6
       6
       2
       6
       9
       9
       7
      11
       6
      15
       8
      10
       8
       6
      11
       6
       9
       7
       6
       8
       9
      12
       7
       7
      15
       7
       7
      13
      10
       6
      14
       7
      11
      12
       9
      12
       6
       9
       9
      10
       6
      10
      11
      11
       8
      10
      14
       8
      10
      11
       8
       7
      14
       7
       3
       8
       8
      10
       5
      17
      11
      17
      10
       9
       5
      10
      11
       8
       9
      10
      11
       5
      10
      12
       7
       7
      10
      14
      10
      15
      15
      11
      13
      12
      10
      11
      10
       8
      12
       8
       9
       9
       6
      13
      16
      11
       3
       7
       8
       5
      15
       4
      12
      15
      10
      10
       7
      13
      10
       8
      11
       6
       8
       8
      12
      10
       9
      11
       4
       9
       9
      11
       9
       6
      13
       6
       7
      12
       7
       8
       9
      11
      10
       6
      12
       8
       6
       6
      13
       7
       7
       7
       7
      14
      10
      12
       5
      10
       8
      11
       6
      14
      10
       8
       7
       4
       8
       4
      12
       9
       4
       7
       3
       6
       6
      12
      10
       5
       6
      11
       4
       2
       7
       6
       5
       6
       3
       4
       8
       8
      12
       6
       9
      12
       8
       9
       6
      15
       6
       7
       1
       7
       8
       6
      12
       7
       7
      10
      11
       5
       3
       9
       6
       9
       5
      12
       8
      10
      12
       8
       9
      11
      12
      10
       9
      13
      10
       7
       6
       7
       6
       7
       9
       9
       7
       5
       3
       6
      10
       8
       7
       6
      11
       4
       6
       9
       9
      11
       8
       6
       2
       9
       7
      10
      10
       8
       2
       7
       4
       9
       9
       8
       4
      12
      10
      12
      11
      10
       6
      12
       7
       6
       8
       9
       5
       8
       6
      11
       8
       4
       8
       4
       6
       9
       5
       7
       9
       5
       6
      11
       4
       5
       4
       9
       2
       4
       8
       8
       5
       3
       5
       4
      10
       5
       5
       8
       9
       9
       3
       5
       5
       8
       7
      11
       6
       7
       5
       8
      16
       9
      10
       5
       5
       9
       6
       4
       5
       4
      10
       6
       6
       9
       7
       4
       5
       5
       7
       7
       5
       7
       6
       9
       6
       6
       8
       8
       8
       5
       6
      11
       9
       8
       6
       6
       7
       8
       4
       9
      16
       9
      13
       8
       8
       7
       9
      10
      11
       4
       5
       6
       4
       9
      11
       8
       9
       5
       4
      10
       5
       9
       6
       8
      18
       9
       7
       4
       7
       5
       9
       4
       6
       9
       6
       7
       3
      11
       8
      10
       8
      12
       3
       8
       4
       9
      10
      12
       9
      12
       8
       9
       7
       9
       4
      12
      13
       6
       6
       6
      10
       8
       7
       3
      11
       5
       9
       7
       8
       5
       5
      11
       7
       7
       9
      11
      15
      15
       5
      10
       6
      10
       7
       4
       7
       7
       5
       9
       8
      11
       3
      10
       8
       6
       7
       9
       6
       6
       4
       7
      16
      14
       9
       7
       7
       9
      11
      11
       9
       8
      13
      10
       6
       7
       7
      12
       6
       7
      10
       3
       7
       9
       3
      18
       8
      11
       9
       6
       5
      11
       5
       8
       2
       6
       6
       9
       7
       9
       7
       8
      12
       4
       9
       5
       5
       7
       4
       4
       7
       7
      11
       7
       4
       7
       7
       7
      12
       3
       7
       5
       4
       5
      10
       7
       5
       3
       6
       6
      10
       5
       5
       5
       5
       7
       6
       4
      13
       8
       3
       4
       4
       7
       6
       3
       5
       2
       7
       5
       7
       9
       4
      11
       9
       8
       7
       2
       5
       4
       8
       4
       6
       8
       3
       2
       5
       7
       2
       6
       6
       4
       9
       4
       2
       8
       5
       5
       6
       5
       5
       7
       2
       3
       4
       3
       9
       5
       9
       7
       4
       3
       5
       6
       5
       3
      10
       7
       7
       5
       7
       4
       9
       3
       9
       6
       6
       5
      11
      10
       7
       8
       6
       5
       6
       5
       5
       4
       6
       4
       4
       4
       7
       4
       6
       2
      12
       7
       5
       3
       9
       5
       4
       5
       9
       5
      10
       8
       8
       6
       4
       7
       7
       3
       5
       3
       6
       5
       8
       9
       7
       8
       1
       7
       1
       4
       8
       7
       4
       5
      12
       5
       4
       1
       9
       7
       5
      11
       1
       8
       2
       7
      10
       8
      10
       3
       8
       7
      10
       2
       2
       4
       7
      15
      12
       6
       2
       1
       9
       7
       2
       3
       2
       2
       6
       3
       7
       3
       7
       4
       6
       8
       6
       8
       4
       6
       4
       2
       5
       4
       4
       6
       6
       5
       5
       7
       4
       1
       4
       4
       3
       7
       3
       6
       2
       3
       3
       6
       3
       4
       4
       6
       6
       6
       2
      10
       1
       1
       5
       3
       5
       3
       9
       7
       3
       5
       3
       3
       3
       4
       3
      10
       5
       3
       6
       3
       9
       5
       4
       1
       3
       3
       1
       4
       6
       3
       5
       4
       4
       4
       2
       6
       4
       3
       2
       4
       2
       4
       6
       6
       3
       4
       8
       4
       8
       4
       7
       6
       2
       4
       3
       6
       7
       5
       3
       6
       4
       6
       2
       5
       2
       3
       3
       5
       4
       3
       1
       1
       4
       4
       5
       7
       4
       4
      11
       4
       3
       4
       2
       4
       6
       4
       3
       5
       3
       2
       6
       3
       3
       3
       2
       6
       3
       5
       4
       7
       8
       3
       6
       3
       4
       2
       4
       7
      10
       6
       9
       3
       3
       4
       5
       4
       0
       4
       1
       3
       5
       7
       7
       7
       4
       3
       4
       3
       4
       2
       2
       7
       2
       3
       4
       1
       6
       6
       6
      11
       3
       6
       8
       4
       4
       8
       4
       5
       5
       4
       5
       6
       2
       2
       4
       5
       4
       6
       7
       4
       5
       3
      11
       9
       3
       2
       4
       2
       3
       2
       7
       5
       6
       4
       7
       6
       6
      11
       6
       2
       6
       2
       3
       6
       4
       5
       1
       6
      13
       6
       7
       5
       6
       2
       9
       4
       2
       3
       7
       4
       6
       5
       9
       9
       3
       3
       8
       8
       8
       3
       2
       3
       3
       8
       3
       5
       7
      12
       8
       2
       4
       5
       7
       6
       5
       4
       3
      11
       6
       3
       5
       4
       8
      10
       3
       7
       5
       9
       2
       9
       5
       3
       2
       8
      11
       4
       7
       4
       9
       6
      10
       8
       7
       8
       5
       6
      10
       4
       8
       8
       7
       7
       7
       2
      11
       8
       7
       4
       6
       5
       3
       7
       8
       7
       4
       5
       9
       5
       7
       3
       8
       3
       1
       4
       5
       4
       9
       4
       4
       3
       2
       6
      11
       6
       4
       5
       8
       6
       4
       7
       2
       4
       6
       2
       7
       3
       4
       3
       3
       6
       9
       6
       5
       7
       2
       3
       2
       6
       3
       5
       3
       5
       2
       1
       7
       4
       6
       3
       3
       4
       1
       7
       7
       8
       8
       3
       4
      10
       7
       4
       6
       4
       4
       4
       1
       7
       3
       2
       4
       6
       6
       3
       3
       1
       2
       2
       4
       6
       6
       5
       7
       2
       2
       7
       5
       8
       3
       4
       5
       6
       1
       0
       4
       5
       4
       3
       3
       3
       5
       1
       3
       8
       3
       2
       4
       4
       3
       3
       4
       4
       1
       3
       3
       3
       5
       4
       3
       4
       2
       5
       2
       3
       4
       6
       2
       2
       2
       3
       3
       2
       2
       4
       4
       3
       2
       5
       2
       1
       2
       2
       3
       4
       7
       2
       3
       3
       7
       4
       6
       4
       3
       3
       7
       6
       4
       4
       6
       3
       0
       5
       4
       2
       1
       5
       5
       4
       2
       3
       4
       8
       3
       5
       4
       2
       3
       5
       2
       6
       3
       5
       3
       9
       6
       4
       4
       5
       4
       1
       5
       2
       7
       5
       3
       8
       4
       3
       2
      10
       2
       5
       5
       3
       3
       3
       3
       4
       4
       5
       6
       3
       4
       4
       3
       6
       2
       5
       3
       4
       5
       4
       7
       4
       5
       9
       6
       7
       4
       8
       6
       1
       4
       8
       5
       6
       6
       8
       5
       2
       5
       5
       6
       6
       6
       3
       3
       3
       7
       3
       4
       3
       2
       5
       6
       3
       2
       6
       5
       2
       1
       4
       5
       0
       2
       5
       4
       2
       1
       6
       4
       1
       5
       1
       6
       3
       1
       3
       4
       5
       4
       0
       1
       1
       5
       4
       3
       2
       5
       5
       3
       3
       3
       4
       3
       3
       4
       4
       8
       1
       6
       2
       3
       4
       0
       3
       1
       3
       5
       3
       2
       2
       1
       2
       2
       2
       3
       4
       5
       6
       2
       2
       2
       1
       3
       3
       2
       3
       3
       0
       2
       4
       0
       4
       0
       3
       4
       2
       0
       1
       2
       2
       7
       3
       2
       5
       1
       2
       0
       6
       2
       2
       5
       2
       1
       0
       4
       3
       2
       1
       1
       0
       4
       0
       5
       4
       3
       0
       3
       3
       4
       2
       3
       4
       3
       3
       0
       2
       2
       2
       7
       2
       1
       4
       2
       0
       2
       5
       5
       6
       3
       3
       2
       6
       0
       4
       1
       3
       0
       2
       2
       6
       5
       3
       5
       3
       2
       2
       5
       6
       2
       3
       3
       2
       1
       2
       3
       6
       3
       0
       5
       4
       4
       4
       4
       2
       8
       1
       0
       2
       3
       5
       3
       4
       5
       1
       5
       2
       2
       5
       8
       5
       3
       2
       4
       6
       2
       2
       1
       1
       4
       2
       4
       1
       3
       2
       3
       1
       4
       2
       1
       1
       3
       2
       4
       5
       4
       4
       6
       6
       2
       7
       6
       3
       3
       3
       4
       5
       1
       4
       3
       2
       5
       4
       7
       1
       2
       5
       6
       2
       5
       3
       3
       4
       4
       2
       6
       2
       8
       3
       1
       5
       3
       3
       4
       4
       1
       5
       4
       3
       4
       2
       3
       4
       2
       3
       2
       2
       2
       4
       4
       2
       3
       5
       1
       0
       0
       3
       1
       4
       1
       1
       0
       5
       4
       3
       3
       3
       3
       4
       1
       1
       3
       2
       2
       3
       3
       1
       3
       2
       4
       1
       0
       1
       1
       1
       2
       3
       2
       2
       0
       1
       4
       1
       1
       0
       2
       0
       0
       2
       1
       3
       2
       3
       2
       3
       0
       1
       2
       3
       1
       3
       1
       1
       1
       0
       2
       1
       3
       2
       0
       0
       2
       0
       5
       4
       1
       1
       2
       0
       1
       2
       1
       0
       2
       2
       2
       1
       0
       1
       1
       1
       1
       2
       0
       3
       2
       2
       2
       2
       1
       1
       0
       3
       1
       0
       0
       1
       1
       3
       0
       2
       2
       0
       0
       1
       0
       0
       1
       0
       1
       1
       0
       0
       1
       2
       0
       1
       3
       1
       2
       0
       0
       4
       0
       0
       1
       2
       0
       1
       2
       2
       1
       3
       1
       0
       2
       0
       0
       1
       0
       1
       0
       1
       4
       2
       1
       3
       0
       0
       1
       2
       0
       2
       1
       0
       0
       1
       0
       0
       2
       1
       0
       0
       0
       1
       2
       3
       1
       0
       1
       1
       0
       1
       0
       1
       0
       2
       0
       2
       1
       1
       0
       1
       2
       0
       0
       1
       1
       0
       0
       1
       0
       1
       2
       2
       1
       3
       1
       2
       2
       0
       2
       1
       0
       0
       0
       3
       2
       2
       0
       2
       0
       2
       1
       1
       0
       0
       1
       0
       2
       0
       3
       1
       2
       0
       2
       0
       1
       0
       0
       1
       3
       0
       2
       3
       0
       1
       1
       1
       1
       1
       1
       2
       2
       0
       0
       0
       2
       1
       3
       2
       0
       0
       1
       0
       1
       2
       0
       0
       1
       0
       0
       0
       1
       1
       0
       2
       2
       0
       0
       1
       0
       0
       1
       1
       0
       1
       0
       0
       2
       2
       1
       0
       1
       2
       1
       1
       1
       2
       1
       0
       0
       0
       0
       0
       0
       1
       0
       3
       1
       1
       0
       1
       0
       1
       1
       1
       0
       2
       2
       0
       1
       1
       1
       0
       1
       2
       0
       1
       2
       0
       2
       0
       0
       2
       2
       0
       0
       0
       1
       3
       1
       0
       2
       0
       1
       0
       1
       1
       0
       2
       0
       1
       1
       0
       0
       2
       0
       1
       0
       0
       3
       2
       2
       1
       1
       1
       0
       0
       1
       1
       0
       0
       3
       0
       1
       1
       3
       1
       3
       1
       0
       2
       2
       0
       0
       1
       0
       0
       1
       1
       1
       1
       1
       1
       1
       0
       2
       1
       2
       1
       1
       1
       1
       1
       1
       2
       1
       1
       1
       3
       0
       1
       1
       0
       1
       0
       0
       0
       0
       0
       0
       1
       0
       0
       0
       1
       0
       1
       0
       0
       2
       1
       1
       0
       1
       1
       2
       2
       2
       2
       0
       0
       0
       0
       0
       0
       0
       1
       0
       1
       0
       2
       0
       0
       0
       0
       0
       0
       0
       2
       2
       1
       1
       0
       1
       0
       2
       1
       1
       0
       0
       0
       1
       0
       1
       1
       3
       0
       2
       0
       0
       3
       1
       3
       2
       1
       0
       1
       2
       0
       0
       0
       1
       0
       2
       0
       2
       0
       0
       0
       0
       0
       0
       0
       1
       1
       1
       0
       1
       2
       1
       2
       0
       2
       0
       1
       0
       0
       0
       2
       1
       0
       0
       0
       0
       0
       1
       0
       1
       1
       0
       0
       0
       1
       2
       1
       2
       2
       1
       0
       1
       2
       2
       0
       0
       0
       1
       1
       1
       0
       0
       2
       1
       0
       1
       0
       0
       0
       3
       0
       1
       0
       1
       1
       1
       0
       1
       0
       0
       0
       1
       0
       0
       1
       2
       0
       0
       1
       1
       0
       2
       1
       0
       3
       1
       0
       0
       0
       1
       2
       0
       2
       0
       0
       0
       0
       0
       1
       0
       0
       1
       1
       0
       0
       1
       0
       1
       0
       0
       0
       0
       1
       1
       1
       1
       1
       0
       0
       0
       1
       2
       1
       1
       0
       0
       1
       1
       0
       1
       2
       3
       2
       3
       1
       1
       1
       0
       0
       0
       1
       0
       0
       0
       1
       0
       0
       1
       0
       0
       1
       0
       1
       1
       0
       1
       1
       0
       0
       0
       2
       1
       0
       0
       0
       0
       0
       0
       2
       1
       0
       1
       1
       1
       0
       1
       0
       2
       2
       1
       0
       1
       0
       1
       0
       1
       0
       0
       1
       1
       1
       1
       0
       1
       3
       0
       1
       1
       2
       1
       1
       1
       1
       0
       0
       2
       0
       1
       1
       1
       0
       0
       0
       0
       0
       0
       1
       0
       2
       0
       1
       2
       0
       1
       0
       0
       2
       0
       1
       1
       0
       0
       0
       0
       0
       0
       1
       0
       0
       1
       2
       0
       1
       0
       0
       0
       0
       1
       0
       0
       0
       1
       0
       0
       1
       0
       1
       0
       3
       1
       0
       1
       1
       0
       1
       1
       0
       1
       0
       1
       0
       1
       2
       3
       0
       0
       1
       0
       0
       0
       1
       0
       1
       0
       0
       0
       0
       0
       0
       1
       1
       2
       0
       1
       1
       0
       0
       1
       0
       1
       2
       1
       0
       0
       1
       1
       0
       2
       1
       1
       0
       0
       0
       0
       0
       0
       0
       2
       0
       1
       0
       1
       1
       0
       1
       1
       0
       0
       1
       0
       0
       0
       2
       0
       0
       0
       0
       0
       0
       0
       2
       1
       0
       0
       0
       0
       4
       1
       0
       0
       0
       0
       0
       1
       0
       1
       2
       0
       0
       0
       1
       0
       1
       1
       0
       0
       0
       0
       2
       0
       0
       1
       1
       0
       0
       0
       0
       0
       0
       0
       1
       0
       0
       0
       1
       0
       1
       1
       0
       0
       1
       1
       1
       0
       3
       0
       0
       0
       0
       1
       0
       0
       0
       0
       0
       0
       0
       0
       0
       0
       4
       0
       0
       0
       3
       0
       0
       0
       0
       0
       1
       0
       0
       0
       3
       1
       1
       0
       0
       2
       0
       0
       0
       2
       0
       1
       2
       0
       0
       1
       0
       2
       0
       0
       0
       0
       1
       0
       0
       0
       0
       0
       0
       1
       1
       1
       2
       0
       0
       0
       0
       1
       0
       0
       0
       0
       0
       0
       0
       1
       1
       0
       3
       1
       0
       2
       0
       1
       1
       1
       1
       0
       0
       1
       0
       1
       1
       0
       0
       0
       0
       1
       2
       0
       0
       0
       0
       1
       2
       2
       0
       0
       0
       0
       0
       0
       0
       2
       0
       0
       0
       0
       0
       0
       0
       0
       0
       0
       1
       0
       1
       1
       0
       0
       0
       1
       2
       2
       3
       1
       1
       1
       1
       1
       1
       1
       1
       0
       0
       1
       1
       0
       0
       0
       0
       0
       0
       0
       1
       1
       0
       2
       0
       1
       0
       0
       0
       0
       0
       0
       1
       0
       1
       0
       1
       0
       0
       0
       0
       1
       0
       0
       1
       0
       0
       0
       0
       1
       0
       0
       0
       0
       0
       0
       0
       0
       0
       0
       2
       0
       1
       0
       0
       0
       0
       2
       0
       0
       0
       0
       0
       0
       0
       2
       0
       1
       0
       0
       1
       0
       1
       1
       2
       0
       0
       0
       0
       0
       1
       1
       0
       0
       1
       0
       0
       1
       0
       0
       0
       1
       1
       0
       0
       0
       0
       1
       0
       0
       0
       1
       0
       0
       1
       1
       0
       0
       0
       0
       0
       0
       1
       0
       0
       0
       0
       1
       0
       2
       2
       1
       1
       0
       1
       0
       0
       1
       0
       0
       1
       0
       0
       2
       0
       1
       0
       0
       0
       1
       0
       2
       0
       1
       1
       0
       0
       0
       0
       1
       1
       0
       0
       1
       2
       0
       1
       2
       0
       1
       0
       0
       0
       1
       1
       1
       0
       0
       0
       2
       1
       0
       1
       1
       2
       2
       0
       0
       0
       0
       0
       1
       1
       2
       0
       0
       0
       0
       1
       0
       0
       1
       1
       0
       0
       1
       1
       0
       0
       0
       0
       1
       1
       1
       1
       1
       2
       0
       1
       1
       0
       1
       1
       1
       0
       1
       0
       1
       0
       0
       1
       0
       1
       0
       2
       0
       0
       0
       1
       1
       0
       0
       0
       0
       0
       0
       1
       0
       0
       1
       1
       0
       0
       0
       0
       0
       1
       2
       0
       1
       0
       0
       0
       1
       1
       0
       0
       2
       0
       0
       0
       0
       0
       2
       0
       0
       0
       1
       1
       0
       0
       0
       0
       1
       1
       0
       0
       2
       1
       0
       0
       1
       0
       0
       0
       0
       0
       1
       0
       1
       2
       0
       2
       0
       0
       1
       0
       0
       0
       1
       1
       1
       0
       0
       0
       0
       0
       0
       0
       0
       2
       1
       1
       0
       2
       0
       0
       1
       0
       0
       0
       0
       0
       0
       0
       1
       0
       1
       0
       2
       1
       0
       0
       1
       1
       0
       0
       0
       1
       0
       0
       0
       0
       1
       0
       0
       0
       0
       0
       0
       0
       0
       0
       0
       0
       1
       1
       0
       2
       1
       0
       0
       2
       0
       0
       0
       0
       0
       1
       1
       0
       0
       1
       0
       0
       0
       0
       0
       0
       2
       0
       0
       1
       0
       0
       0
       1
       0
       1
       1
       0
       2
       1
       0
       0
       1
       0
       0
       0
       1
       0
       0
       0
       0
       1
       0
       0
       0
       1
       0
       0
       0
       0
       0
       0
       0
       0
       2
       1
       0
       0
       0
       0
       0
       0
       0
       0
       0
       0
       0
       0
       0
       0
       0
       0
       0
       0
       0
       0
       0
       0
       0
       0
       0
       0
       0
       0
       0
       0
       0
       0
       0
       0
       0
       0
       0
       0
       0
       0
       0
       0
       0
       0
       0
       0
       0
       0
       0
       0
       0
       0
       0
       0
       0
       0
       0
       0
       0
       0
       0
       0
       0
       0
$ROI:
2
824 999
1064 1215
$PRESETS:
None
0
0
$ENER_FIT:
-2.883957 0.548638
$MCA_CAL:
3
-2.883957E+000 5.486377E-001 1.067048E-005 keV
$SHAPE_CAL:
3
6.790181E+000 8.189177E-002 -1.295770E-005
