$SPEC_ID:
No sample description was entered.
$SPEC_REM:
DET# 1
DETDESC# VCH-0609 MCB 129
AP# Maestro Version 7.01
$DATE_MEA:
02/26/2018 17:06:59
$MEAS_TIM:
363 364
$DATA:
0 4095
       0
       0
       0
       0
       2
       1
       0
       0
       0
       0
       0
       0
       0
       0
       0
       0
       0
       0
       0
       0
       0
       0
       0
       0
       0
       0
       0
       0
       0
       0
       6
      14
      22
      28
      23
      27
      26
      27
      24
      23
      13
      20
      25
      28
      20
      30
      28
      30
      30
      28
      30
      25
      33
      27
      32
      34
      29
      30
      29
      22
      36
      42
      18
      37
      21
      30
      21
      30
      29
      25
      25
      24
      27
      28
      25
      26
      37
      24
      26
      34
      30
      27
      28
      40
      41
      24
      36
      37
      23
      37
      28
      32
      39
      29
      27
      35
      27
      22
      38
      31
      30
      28
      27
      32
      36
      20
      27
      41
      31
      23
      35
      39
      30
      42
      39
      36
      31
      32
      29
      39
      35
      35
      35
      46
      31
      34
      38
      40
      37
      33
      41
      39
      41
      38
      44
      40
      42
      57
      62
      63
      59
      64
      59
      63
      78
      65
      74
      69
      76
      98
      67
      72
      74
      64
      60
      62
      64
      51
      58
      67
      79
      74
      63
      56
      54
      53
      54
      58
      58
      52
      46
      43
      49
      60
      50
      52
      51
      50
      40
      35
      41
      46
      58
      58
      32
      39
      47
      54
      39
      44
      46
      41
      38
      45
      44
      45
      36
      42
      43
      50
      45
      50
      40
      36
      47
      43
      49
      44
      48
      46
      38
      45
      38
      46
      64
      58
      35
      52
      35
      56
      52
      56
      47
      53
      46
      45
      47
      40
      47
      49
      53
      45
      46
      49
      49
      48
      54
      47
      59
      55
      51
      65
      53
      60
      43
      62
      67
      58
      44
      57
      53
      49
      63
      49
      57
      56
      54
      48
      66
      53
      43
      61
      43
      47
      51
      51
      39
      59
      50
      59
      56
      53
      40
      56
      56
      55
      56
      64
      52
      57
      46
      62
      58
      50
      62
      60
      50
      66
      60
      42
      46
      51
      55
      54
      48
      59
      51
      60
      57
      64
      52
      62
      61
      46
      59
      53
      48
      59
      49
      60
      55
      54
      51
      61
      58
      57
      57
      54
      49
      58
      59
      60
      66
      63
      54
      51
      58
      44
      57
      52
      41
      53
      63
      74
      66
      56
      68
      63
      63
      47
      59
      51
      58
      60
      65
      66
      58
      59
      56
      53
      40
      56
      60
      48
      53
      56
      65
      49
      43
      63
      42
      49
      61
      49
      63
      61
      56
      63
      53
      46
      55
      51
      45
      64
      56
      53
      69
      49
      67
      45
      46
      44
      57
      69
      61
      45
      65
      50
      53
      45
      54
      61
      64
      50
      48
      60
      58
      56
      67
      47
      60
      54
      49
      63
      63
      59
      53
      43
      52
      45
      51
      64
      50
      54
      46
      50
      63
      64
      50
      62
      44
      37
      58
      46
      59
      57
      48
      47
      37
      48
      54
      34
      51
      59
      50
      50
      47
      50
      54
      42
      40
      58
      48
      43
      49
      58
      42
      45
      38
      42
      35
      47
      30
      53
      43
      46
      52
      43
      46
      34
      47
      60
      55
      43
      51
      47
      39
      47
      40
      47
      40
      47
      46
      58
      53
      45
      37
      40
      40
      35
      45
      50
      40
      40
      36
      43
      42
      42
      31
      31
      39
      48
      32
      41
      44
      45
      31
      31
      52
      43
      38
      39
      46
      39
      39
      44
      51
      48
      38
      35
      36
      33
      39
      50
      47
      39
      53
      39
      33
      36
      37
      35
      40
      36
      36
      41
      36
      41
      37
      32
      29
      33
      18
      40
      39
      33
      34
      32
      39
      31
      35
      47
      41
      38
      25
      36
      29
      27
      43
      46
      41
      41
      39
      30
      31
      38
      30
      33
      25
      30
      35
      33
      35
      34
      43
      31
      38
      31
      33
      38
      21
      33
      30
      39
      42
      35
      31
      23
      38
      28
      33
      22
      33
      32
      27
      39
      32
      29
      26
      33
      30
      33
      29
      30
      39
      30
      41
      32
      21
      21
      35
      30
      26
      30
      24
      33
      32
      35
      38
      22
      30
      27
      28
      35
      30
      36
      36
      27
      25
      31
      24
      24
      27
      24
      25
      28
      32
      21
      24
      33
      21
      22
      38
      13
      32
      21
      24
      36
      28
      30
      18
      22
      31
      23
      32
      19
      21
      28
      19
      24
      24
      22
      30
      25
      27
      25
      26
      31
      26
      16
      24
      20
      25
      24
      16
      25
      29
      25
      22
      29
      29
      25
      17
      23
      24
      22
      25
      22
      28
      26
      23
      15
      19
      10
      17
      27
      19
      15
      16
      25
      21
      20
      23
      17
      24
       6
      21
      16
      18
      14
      27
      20
      19
      14
      13
      35
      15
      24
      27
      18
      23
      19
      19
      10
      15
      25
      20
      19
      18
      21
      10
      21
      19
      17
      19
      26
      13
      24
      24
      17
      23
      16
      25
      18
      21
      18
      20
      24
      20
      25
      15
      24
      17
      15
      13
      14
      15
      13
      18
      22
      22
      26
      24
      15
      25
      23
      22
      18
      21
      20
      14
      13
      13
      13
      22
      17
      12
      21
      17
      14
      12
      11
      19
      23
      22
      17
      15
      14
      13
      14
      25
      21
      17
      17
      23
      17
      18
      15
      18
      15
      15
      25
      13
      23
      25
      13
      21
      17
      20
      27
      11
      18
      19
      24
      12
      24
      24
      21
      19
      23
      18
      18
      15
      26
      21
      14
      18
      15
      21
      19
      19
      18
      17
      26
      23
      25
      20
      16
      31
      21
      24
      15
      16
      16
      17
      22
      15
      16
      30
      22
      12
      17
      15
      19
      24
      26
      19
      22
      23
      24
      29
      29
      23
      19
      34
      29
      27
      29
      25
      25
      33
      27
      35
      40
      34
      32
      34
      41
      32
      46
      51
      26
      37
      49
      39
      35
      51
      44
      43
      43
      42
      62
      65
      46
      49
      57
      60
      60
      58
      60
      72
      68
      57
      81
      69
      73
      66
      60
      73
      66
      58
      88
      57
      85
      79
      74
      80
      80
      71
      69
      72
      83
      82
      86
      95
      86
      91
      70
      95
      88
      90
      82
      89
      76
      97
      83
      69
      75
      80
      65
      63
      74
      75
      73
      71
      87
      67
      68
      56
      69
      49
      80
      60
      75
      60
      52
      74
      57
      58
      53
      57
      54
      59
      49
      57
      59
      40
      53
      47
      45
      43
      46
      42
      33
      23
      25
      30
      45
      30
      37
      34
      23
      31
      29
      22
      21
      20
      17
      23
      18
      26
      17
      16
      15
      14
      17
      16
      15
       6
      10
      13
      11
      13
      15
       9
      14
      10
       4
       5
       7
       4
       9
      14
       6
       6
       5
       7
      15
       4
       9
       5
       4
       8
       5
       9
       8
      14
       6
       7
       3
       4
       7
       4
      12
       6
       6
       5
       7
       7
       6
       5
       5
       9
      10
       9
       7
       6
       4
       4
       6
       2
       6
       8
       4
       5
       5
       8
       3
       5
       3
       6
       2
       9
      10
       6
       6
       8
       3
       4
       8
       6
       4
       6
       7
       4
       8
       6
       5
       9
       7
       7
       8
       5
       8
       3
       6
       7
       7
       7
       7
      10
       3
       4
       6
       8
       9
       3
       4
      13
       6
       5
       4
       3
       7
       9
       3
       3
       5
       6
       6
       3
       4
       7
       5
       5
       4
       7
       4
       6
       6
       3
       8
       5
       8
       4
       5
       7
       9
       9
       2
       6
       2
       2
       5
       7
       2
       8
       3
       4
       7
       4
       6
       4
       7
       3
       4
       8
       7
       2
       6
       8
       6
       3
       8
       2
       6
       3
       3
       9
       5
      11
       4
       5
       5
       5
       4
       2
       5
       9
       3
       4
       8
       2
       3
       3
       5
       8
       5
       5
       4
       5
       8
       4
       3
       4
       5
       5
       4
       9
       5
       3
       4
       3
       6
       5
       5
       6
       6
       4
       3
       1
       6
       3
       9
       7
       4
       6
       4
       5
      12
       8
       7
       5
       4
       3
       3
       5
       6
       6
       8
       8
       7
       3
       5
       6
       5
       5
      11
       9
       8
       6
       7
       3
       5
       8
       8
       7
       1
       4
       9
       5
       4
       7
       2
       4
       6
       8
       5
       3
       4
       5
       9
       4
       5
       4
       1
       3
       3
       9
       6
       6
       8
       6
       6
       3
       9
       7
       5
       4
       4
       9
       7
       3
       7
       5
       2
       3
       6
       5
       4
       7
      10
       6
       8
       5
       5
       7
       3
       9
       7
       7
       6
       9
       7
       8
       8
       6
       7
       2
       4
       5
       4
       3
       5
       3
       5
       4
       3
       3
       1
       9
       6
       1
       4
       5
       6
       3
       4
       1
       2
       6
       5
       9
       4
       1
       5
       2
       2
       1
       3
       4
       6
       5
       8
       4
       3
       2
       6
       4
       5
       1
       6
       1
       6
       5
       3
       6
       2
       7
       5
       1
       5
       4
       4
       8
       4
       9
       5
       2
       2
       5
       5
       4
       3
       3
       0
       8
       1
       4
       1
       6
       6
       5
       6
       4
       3
       2
       2
       6
       8
       6
       6
       7
       7
       5
       5
       5
       9
       1
       4
       2
       5
       3
       6
       9
       5
       1
       5
       3
       2
       6
       5
       3
       7
       5
       0
       2
       8
       3
       5
      10
       3
       3
       7
       3
       7
       1
       6
       3
       1
       4
       4
       5
       4
       9
       3
       4
       2
       3
       2
       4
       1
       6
       6
       4
       4
       1
       4
       2
       4
       4
       4
       6
       6
       6
       1
      12
       5
       6
       5
       2
       8
       4
       2
       5
       5
       2
       5
       2
       9
       1
       1
       3
       1
       2
       8
       3
       5
       5
       4
       3
       4
       2
       3
       4
       6
       1
       3
       3
       5
       1
       5
       4
       0
       6
       3
       5
       1
       4
       4
       2
       5
       2
       2
       2
       2
       1
       3
       7
       4
       1
       1
       4
       3
       3
       5
       4
       4
       2
       8
       6
       1
       2
       5
       3
       4
       3
       2
       4
       2
       2
       2
       0
       5
       2
       2
       2
       2
       3
       5
       2
       4
       3
       2
       0
       2
       4
       5
       4
       3
       4
       1
       1
       2
       4
       4
       4
       3
       4
       2
       3
       5
       4
       1
       3
       1
       1
       3
       1
       3
       0
       1
       2
       3
       4
       2
       7
       2
       2
       6
       1
       4
       2
       4
       2
       1
       1
       2
       3
       2
       6
       2
       3
       1
       4
       1
       2
       5
       5
       5
       0
       1
       3
       3
       2
       2
       2
       3
       3
       3
       3
       3
       2
       4
       3
       2
       1
       1
       1
       3
       5
       5
       3
       3
       0
       2
       0
       3
       2
       2
       1
       4
       3
       4
       2
       0
       2
       4
       3
       1
       4
       3
       2
       2
       1
       5
       2
       0
       1
       2
       2
       3
       2
       0
       1
       4
       2
       5
       3
       2
       3
       3
       2
       3
       2
       5
       4
       3
       2
       0
       3
       0
       2
       3
       2
       1
       4
       3
       1
       3
       2
       2
       4
       1
       0
       2
       1
       2
       2
       4
       2
       0
       3
       5
       2
       0
       3
       1
       2
       1
       2
       2
       4
       1
       3
       2
       3
       1
       1
       5
       1
       2
       1
       3
       2
       4
       2
       4
       4
       0
       0
       0
       3
       2
       1
       2
       6
       1
       2
       3
       2
       8
       1
       2
       4
       5
       4
       3
       3
       3
       6
       2
       6
       1
       4
       1
       4
       8
       0
       2
       2
       6
       5
       2
       3
       5
       3
       2
       2
       3
       2
       6
       3
       4
       7
       3
       6
       3
       5
       2
       8
       7
       4
       7
       4
       4
       8
       6
       3
       4
       4
       2
       2
       4
       8
       2
       5
       6
       4
       4
       5
       5
       2
       3
       3
       6
       7
       7
       3
      10
       4
       2
      12
       6
       9
      13
      10
       5
       7
       8
       7
       2
       6
      11
       4
       5
       5
       6
       6
       2
       7
       7
       8
      10
       5
      10
       6
       4
       2
      10
       6
       7
      12
       6
       6
       7
      12
       8
      11
       7
       6
      11
       8
       6
       7
       8
      11
       6
       4
       0
       2
       8
       8
       8
      11
       3
       9
      11
       3
       4
      10
       8
       9
       4
       7
      11
       6
       6
       3
       6
       9
       4
       5
       7
       4
       6
       7
       9
       3
       5
       3
       4
       4
       4
       4
       8
       5
       7
       9
       5
       6
       5
       7
       3
       5
       1
       5
       4
       2
       5
       2
       4
       3
       4
       3
       4
       2
       7
       1
       2
       4
       3
       3
       5
       2
       5
       3
       4
       1
       5
       3
       0
       3
       4
       1
       3
       6
       2
       3
       1
       5
       4
       1
       7
       2
       1
       1
       3
       0
       1
       1
       2
       3
       1
       1
       1
       2
       2
       1
       3
       0
       3
       3
       1
       3
       1
       1
       2
       4
       3
       5
       1
       1
       1
       1
       1
       1
       1
       2
       4
       2
       0
       3
       2
       1
       3
       1
       2
       2
       2
       1
       3
       2
       2
       4
       3
       1
       2
       3
       0
       1
       1
       5
       2
       2
       2
       3
       1
       1
       0
       0
       2
       2
       4
       4
       3
       1
       1
       2
       3
       5
       1
       2
       4
       0
       3
       2
       4
       0
       2
       0
       4
       4
       2
       0
       2
       0
       2
       1
       3
       1
       7
       2
       3
       5
       2
       1
       1
       1
       1
       4
       2
       4
       3
       2
       1
       1
       5
       0
       2
       1
       1
       1
       4
       4
       1
       1
       1
       0
       0
       3
       2
       1
       1
       0
       0
       2
       2
       3
       0
       2
       1
       1
       0
       2
       1
       0
       2
       2
       0
       1
       2
       0
       4
       2
       2
       2
       1
       2
       1
       2
       0
       0
       3
       2
       1
       3
       2
       1
       2
       2
       1
       3
       1
       0
       1
       0
       1
       1
       0
       1
       2
       4
       2
       2
       1
       0
       0
       2
       2
       1
       0
       0
       1
       0
       1
       2
       0
       1
       2
       5
       2
       3
       0
       1
       0
       3
       1
       1
       0
       0
       1
       2
       1
       1
       0
       1
       2
       1
       2
       0
       0
       1
       0
       4
       1
       2
       0
       2
       1
       0
       2
       1
       0
       2
       0
       0
       1
       0
       1
       2
       0
       2
       1
       1
       1
       0
       1
       1
       3
       1
       1
       2
       2
       0
       2
       3
       2
       1
       2
       0
       0
       1
       2
       1
       1
       0
       0
       1
       0
       1
       1
       2
       1
       1
       0
       4
       2
       1
       0
       0
       1
       1
       1
       1
       2
       0
       0
       1
       0
       3
       0
       0
       1
       0
       3
       0
       0
       1
       0
       0
       3
       2
       3
       0
       0
       2
       3
       2
       1
       0
       1
       3
       0
       0
       0
       2
       1
       0
       0
       0
       0
       1
       1
       1
       0
       1
       1
       0
       1
       2
       3
       1
       3
       0
       1
       1
       0
       1
       2
       1
       0
       0
       2
       2
       2
       0
       1
       1
       1
       2
       2
       0
       0
       0
       1
       0
       2
       1
       1
       1
       0
       1
       1
       2
       1
       0
       2
       2
       2
       1
       0
       3
       0
       0
       2
       1
       1
       2
       2
       0
       1
       2
       3
       2
       1
       1
       0
       2
       0
       3
       2
       0
       0
       1
       0
       1
       1
       1
       3
       0
       1
       0
       0
       1
       0
       0
       1
       3
       1
       1
       2
       0
       0
       0
       2
       0
       1
       3
       2
       2
       3
       3
       1
       0
       3
       0
       2
       2
       1
       4
       2
       0
       2
       2
       1
       0
       0
       3
       0
       3
       1
       0
       1
       1
       2
       1
       0
       3
       1
       0
       1
       1
       1
       2
       4
       0
       2
       0
       1
       1
       0
       1
       0
       0
       0
       2
       0
       1
       0
       0
       1
       1
       3
       3
       0
       0
       0
       0
       0
       0
       0
       1
       1
       3
       0
       0
       2
       1
       1
       0
       1
       1
       0
       0
       0
       0
       3
       0
       1
       0
       1
       3
       1
       0
       1
       1
       2
       1
       0
       2
       1
       1
       0
       2
       1
       1
       1
       0
       3
       0
       0
       1
       1
       0
       2
       1
       3
       2
       1
       2
       2
       1
       1
       0
       0
       0
       0
       1
       0
       1
       4
       0
       1
       1
       1
       1
       0
       0
       1
       0
       1
       1
       2
       1
       1
       0
       1
       0
       2
       0
       1
       1
       1
       3
       0
       2
       0
       1
       1
       0
       0
       1
       1
       1
       1
       4
       3
       1
       1
       1
       2
       2
       1
       2
       1
       2
       0
       1
       1
       2
       2
       2
       1
       0
       3
       0
       1
       1
       2
       3
       0
       1
       3
       1
       2
       0
       0
       0
       1
       1
       2
       0
       3
       1
       1
       1
       2
       2
       2
       1
       0
       2
       2
       1
       1
       0
       2
       1
       1
       1
       0
       1
       1
       0
       3
       0
       1
       1
       0
       0
       1
       0
       1
       3
       1
       1
       0
       2
       1
       1
       1
       2
       1
       0
       3
       1
       1
       1
       2
       2
       1
       1
       1
       2
       2
       1
       1
       0
       1
       0
       1
       0
       3
       4
       0
       0
       3
       1
       2
       0
       0
       0
       0
       0
       1
       0
       1
       0
       0
       3
       1
       1
       0
       0
       0
       3
       1
       1
       0
       0
       3
       0
       0
       1
       0
       1
       1
       0
       0
       0
       0
       0
       0
       3
       0
       0
       1
       0
       1
       0
       1
       1
       1
       1
       0
       1
       0
       1
       2
       0
       1
       0
       1
       0
       1
       0
       0
       0
       0
       1
       0
       1
       1
       4
       1
       0
       1
       1
       0
       0
       0
       1
       0
       0
       0
       0
       1
       0
       0
       1
       0
       0
       0
       0
       1
       1
       0
       0
       0
       2
       1
       0
       1
       0
       1
       0
       0
       1
       0
       0
       1
       0
       1
       0
       0
       0
       0
       0
       1
       1
       0
       0
       0
       0
       0
       0
       0
       1
       0
       0
       0
       0
       0
       0
       0
       0
       0
       0
       0
       1
       1
       0
       0
       1
       0
       1
       0
       0
       0
       0
       0
       0
       0
       1
       0
       0
       1
       0
       0
       0
       0
       0
       0
       0
       0
       0
       2
       0
       0
       1
       1
       1
       1
       1
       0
       0
       0
       0
       0
       1
       0
       1
       0
       0
       0
       1
       0
       1
       0
       0
       0
       0
       0
       0
       0
       0
       0
       0
       0
       0
       1
       1
       0
       0
       0
       0
       0
       1
       0
       0
       0
       1
       0
       0
       0
       0
       1
       0
       0
       0
       1
       0
       1
       0
       1
       0
       1
       0
       1
       0
       0
       0
       0
       0
       0
       0
       1
       0
       0
       0
       0
       0
       1
       0
       1
       0
       0
       0
       1
       0
       0
       0
       1
       0
       1
       0
       0
       0
       0
       0
       0
       0
       0
       0
       0
       1
       0
       0
       0
       0
       0
       1
       0
       1
       1
       1
       0
       0
       0
       0
       1
       0
       3
       0
       1
       0
       0
       0
       0
       0
       0
       1
       0
       0
       1
       0
       0
       1
       0
       0
       0
       1
       0
       0
       0
       0
       0
       0
       0
       0
       0
       0
       0
       0
       0
       0
       0
       0
       0
       0
       0
       0
       1
       0
       0
       0
       0
       0
       0
       0
       0
       0
       2
       0
       3
       0
       1
       2
       1
       1
       0
       0
       1
       0
       0
       0
       0
       0
       0
       0
       0
       0
       1
       2
       1
       2
       0
       0
       0
       0
       0
       0
       1
       1
       0
       0
       0
       1
       1
       0
       0
       0
       2
       2
       1
       0
       0
       1
       1
       1
       0
       0
       0
       0
       0
       0
       0
       0
       0
       0
       1
       0
       0
       0
       0
       0
       0
       0
       0
       0
       0
       0
       0
       0
       1
       1
       0
       1
       0
       0
       0
       0
       0
       0
       0
       0
       1
       0
       0
       0
       0
       0
       0
       0
       0
       1
       0
       0
       0
       0
       0
       0
       0
       1
       0
       0
       0
       0
       0
       1
       0
       0
       1
       0
       0
       0
       0
       0
       0
       0
       0
       0
       0
       0
       0
       0
       0
       0
       0
       0
       0
       0
       0
       0
       0
       0
       0
       0
       0
       1
       0
       0
       0
       0
       0
       0
       0
       0
       0
       1
       0
       1
       0
       1
       0
       0
       0
       0
       1
       1
       0
       0
       0
       0
       0
       0
       0
       0
       0
       0
       0
       0
       1
       0
       0
       1
       0
       0
       0
       1
       0
       0
       2
       1
       1
       0
       1
       0
       1
       0
       0
       0
       0
       0
       0
       1
       0
       0
       1
       0
       0
       0
       0
       0
       0
       0
       0
       0
       1
       0
       0
       1
       0
       0
       0
       0
       0
       0
       0
       0
       0
       0
       0
       1
       1
       0
       0
       2
       0
       1
       0
       0
       0
       0
       0
       0
       2
       0
       0
       0
       0
       0
       0
       0
       0
       0
       0
       0
       0
       0
       0
       0
       0
       0
       0
       0
       0
       0
       0
       0
       0
       1
       0
       0
       0
       0
       0
       0
       0
       0
       0
       0
       0
       0
       0
       0
       0
       0
       1
       0
       0
       0
       0
       0
       0
       0
       0
       0
       0
       1
       0
       0
       0
       1
       0
       0
       0
       0
       0
       0
       0
       0
       0
       0
       0
       0
       0
       0
       0
       1
       0
       1
       0
       1
       0
       0
       0
       0
       0
       0
       0
       0
       0
       0
       0
       2
       0
       1
       0
       0
       0
       0
       0
       0
       0
       0
       0
       0
       0
       0
       0
       0
       0
       0
       0
       1
       0
       0
       0
       1
       1
       0
       0
       0
       0
       0
       0
       0
       0
       0
       0
       0
       0
       0
       0
       0
       1
       1
       0
       0
       0
       0
       0
       0
       0
       0
       0
       0
       0
       0
       1
       0
       0
       0
       0
       0
       1
       0
       0
       0
       0
       0
       0
       0
       0
       1
       0
       0
       0
       0
       0
       0
       0
       0
       0
       0
       0
       0
       0
       0
       0
       0
       0
       0
       0
       0
       0
       0
       0
       0
       0
       0
       0
       0
       0
       0
       0
       1
       0
       0
       0
       0
       0
       1
       0
       0
       0
       0
       0
       0
       0
       0
       0
       0
       0
       0
       0
       0
       0
       1
       0
       2
       0
       2
       0
       0
       0
       0
       0
       0
       0
       0
       0
       0
       1
       0
       0
       1
       0
       0
       0
       0
       0
       0
       0
       0
       0
       0
       0
       0
       0
       1
       0
       1
       0
       0
       1
       0
       1
       1
       2
       1
       0
       0
       0
       0
       0
       0
       0
       0
       0
       0
       0
       0
       1
       0
       4
       0
       0
       1
       0
       0
       0
       0
       0
       0
       0
       0
       1
       0
       1
       0
       0
       0
       0
       0
       0
       0
       0
       0
       0
       0
       0
       0
       0
       0
       1
       0
       0
       0
       0
       0
       0
       0
       0
       0
       1
       0
       0
       0
       0
       0
       0
       0
       0
       0
       0
       0
       0
       0
       0
       0
       0
       0
       0
       0
       0
       0
       0
       0
       0
       0
       0
       0
       0
       0
       0
       0
       0
       0
       1
       1
       0
       0
       0
       0
       0
       0
       0
       0
       0
       0
       0
       0
       0
       0
       0
       0
       1
       1
       0
       0
       0
       0
       0
       0
       0
       1
       0
       0
       0
       0
       0
       0
       0
       0
       0
       0
       0
       0
       1
       0
       0
       1
       0
       0
       0
       1
       0
       0
       0
       0
       1
       0
       0
       0
       0
       0
       0
       0
       0
       0
       2
       0
       0
       0
       0
       0
       0
       0
       0
       0
       0
       0
       0
       0
       1
       0
       0
       0
       0
       0
       0
       0
       0
       0
       0
       0
       2
       0
       1
       0
       0
       1
       0
       0
       0
       0
       0
       0
       0
       0
       0
       0
       0
       0
       0
       0
       0
       0
       0
       0
       0
       0
       0
       0
       0
       1
       0
       0
       0
       0
       1
       1
       0
       0
       0
       0
       0
       0
       0
       0
       0
       0
       0
       0
       0
       1
       0
       0
       0
       0
       0
       0
       0
       0
       0
       0
       0
       0
       0
       0
       0
       0
       0
       0
       0
       0
       0
       0
       0
       0
       0
       0
       0
       0
       1
       0
       0
       0
       0
       0
       0
       0
       0
       0
       0
       0
       0
       0
       0
       0
       0
       0
       0
       0
       0
       1
       0
       0
       0
       1
       0
       0
       0
       0
       0
       0
       0
       0
       0
       0
       1
       0
       0
       0
       0
       0
       0
       0
       0
       0
       0
       1
       1
       0
       0
       0
       0
       0
       0
       0
       0
       0
       0
       0
       0
       0
       0
       1
       0
       0
       0
       0
       0
       0
       0
       1
       0
       0
       0
       0
       0
       0
       0
       0
       0
       0
       1
       0
       0
       0
       0
       0
       1
       0
       0
       0
       0
       0
       0
       0
       0
       0
       0
       0
       0
       0
       0
       0
       0
       0
       0
       0
       0
       0
       1
       0
       0
       0
       0
       0
       0
       0
       1
       0
       0
       0
       0
       0
       0
       1
       0
       0
       0
       0
       0
       0
       0
       0
       0
       0
       0
       0
       0
       0
       0
       0
       0
       0
       0
       0
       0
       0
       0
       0
       0
       0
       0
       0
       0
       0
       0
       0
       1
       0
       0
       0
       0
       0
       0
       0
       2
       0
       0
       0
       0
       0
       0
       0
       0
       0
       0
       0
       0
       0
       0
       0
       1
       0
       0
       1
       0
       0
       0
       0
       0
       0
       0
       0
       0
       0
       0
       0
       0
       0
       0
       0
       0
       0
       0
       0
       1
       0
       0
       1
       0
       0
       0
       0
       0
       0
       0
       0
       0
       0
       0
       0
       0
       0
       0
       0
       0
       0
       0
       0
       0
       0
       0
       0
       0
       0
       0
       0
       0
       0
       0
       0
       0
       0
       0
       0
       0
       0
       0
       0
       0
       0
       0
       0
       0
       0
       0
       1
       0
       0
       0
       0
       0
       0
       0
       0
       0
       0
       0
       0
       0
       0
       0
       0
       0
       0
       1
       0
       0
       0
       0
       0
       0
       0
       0
       1
       0
       0
       0
       2
       0
       0
       0
       0
       0
       0
       0
       1
       0
       0
       0
       0
       0
       0
       0
       0
       0
       0
       0
       0
       1
       0
       0
       0
       0
       0
       0
       0
       0
       0
       0
       0
       0
       0
       0
       0
       0
       1
       0
       0
       0
       0
       0
       0
       0
       0
       0
       0
       1
       0
       0
       1
       1
       0
       0
       1
       0
       0
       0
       0
       1
       1
       0
       0
       0
       0
       0
       0
       0
       1
       0
       0
       0
       0
       0
       0
       0
       0
       0
       0
       0
       0
       0
       0
       0
       0
       0
       0
       0
       0
       0
       0
       0
       0
       0
       0
       0
       0
       0
       0
       0
       0
       0
       0
       0
       0
       0
       0
       0
       0
       0
       0
       0
       0
       0
       0
       0
       0
       0
       0
       0
       0
       0
       0
       0
       0
       0
       0
       0
       0
       0
       0
       0
       0
       0
       0
       0
       0
       0
       0
       0
       0
       0
       0
       0
       0
       0
       0
       0
$ROI:
2
832 995
1712 1911
$PRESETS:
None
0
0
$ENER_FIT:
-2.883957 0.548638
$MCA_CAL:
3
-2.883957E+000 5.486377E-001 1.067048E-005 keV
$SHAPE_CAL:
3
6.790181E+000 8.189177E-002 -1.295770E-005
