$SPEC_ID:
No sample description was entered.
$SPEC_REM:
DET# 1
DETDESC# VCH-0609 MCB 129
AP# Maestro Version 7.01
$DATE_MEA:
02/26/2018 13:56:46
$MEAS_TIM:
464 476
$DATA:
0 4095
       0
       0
       0
       0
       1
       0
       0
       0
       0
       0
       0
       0
       0
       0
       0
       0
       0
       0
       0
       0
       0
       0
       0
       0
       0
       0
       0
       0
       0
       0
      23
     193
     205
     229
     234
     219
     223
     227
     228
     202
     225
     211
     219
     225
     223
     226
     244
     243
     235
     226
     250
     249
     254
     298
     304
     371
     343
     376
     421
     504
     531
     519
     618
     628
     703
     656
     668
     624
     591
     561
     573
     548
     497
     404
     412
     390
     338
     340
     320
     324
     295
     305
     310
     284
     284
     312
     267
     295
     257
     269
     245
     251
     263
     257
     276
     263
     269
     256
     256
     254
     235
     239
     257
     224
     268
     233
     238
     274
     263
     290
     233
     267
     240
     252
     258
     252
     246
     288
     269
     266
     272
     244
     282
     296
     263
     272
     308
     280
     325
     285
     306
     294
     303
     302
     318
     331
     332
     329
     373
     357
     396
     350
     397
     410
     404
     398
     437
     407
     435
     435
     404
     432
     423
     438
     383
     407
     418
     402
     423
     415
     363
     380
     379
     402
     392
     340
     370
     343
     348
     345
     372
     350
     347
     340
     347
     328
     344
     392
     372
     363
     348
     338
     328
     302
     342
     340
     317
     321
     353
     297
     319
     320
     313
     281
     293
     297
     330
     297
     293
     283
     299
     267
     273
     289
     304
     297
     322
     292
     276
     315
     311
     301
     310
     320
     337
     318
     330
     375
     387
     379
     387
     422
     435
     463
     497
     501
     554
     552
     585
     605
     667
     663
     724
     759
     811
     800
     834
     807
     900
     877
     912
     921
     895
     897
     838
     843
     843
     820
     776
     708
     712
     656
     665
     670
     587
     565
     505
     481
     447
     491
     488
     462
     458
     408
     373
     357
     390
     368
     388
     317
     352
     338
     316
     332
     338
     317
     342
     304
     303
     328
     297
     287
     285
     297
     296
     276
     293
     291
     282
     285
     255
     264
     298
     288
     290
     249
     258
     271
     234
     255
     274
     243
     234
     255
     265
     248
     265
     290
     254
     264
     268
     243
     276
     254
     258
     242
     250
     264
     259
     255
     268
     258
     261
     256
     272
     275
     238
     255
     251
     270
     263
     271
     230
     259
     267
     267
     244
     281
     297
     289
     286
     283
     267
     287
     290
     298
     275
     267
     273
     281
     262
     274
     271
     267
     293
     274
     280
     294
     261
     254
     303
     307
     263
     331
     312
     290
     249
     267
     293
     286
     333
     288
     297
     311
     267
     296
     333
     282
     288
     302
     289
     330
     277
     294
     294
     299
     319
     326
     310
     331
     314
     280
     308
     316
     340
     335
     327
     357
     326
     327
     323
     312
     319
     320
     324
     347
     318
     329
     359
     306
     349
     330
     326
     348
     323
     311
     321
     328
     327
     314
     336
     374
     333
     314
     338
     300
     318
     343
     315
     333
     331
     331
     313
     326
     337
     323
     330
     336
     311
     341
     355
     286
     300
     324
     322
     342
     321
     307
     305
     300
     346
     306
     355
     286
     307
     311
     321
     313
     320
     315
     300
     311
     316
     294
     320
     288
     304
     290
     293
     307
     291
     313
     270
     290
     320
     284
     286
     276
     308
     296
     309
     296
     286
     278
     284
     291
     312
     310
     272
     300
     283
     297
     281
     284
     267
     317
     299
     298
     311
     292
     290
     277
     274
     269
     273
     273
     272
     304
     284
     289
     289
     294
     280
     274
     303
     289
     284
     300
     294
     263
     315
     285
     267
     265
     277
     245
     286
     278
     283
     299
     266
     265
     263
     302
     272
     262
     251
     262
     281
     255
     262
     255
     263
     273
     229
     276
     255
     293
     265
     263
     249
     253
     286
     271
     258
     237
     285
     248
     252
     278
     239
     266
     260
     258
     264
     270
     268
     285
     261
     251
     287
     261
     260
     248
     255
     244
     241
     234
     281
     248
     250
     234
     280
     248
     271
     266
     268
     242
     244
     236
     249
     243
     261
     251
     255
     249
     280
     263
     260
     239
     239
     250
     237
     245
     239
     293
     239
     236
     245
     273
     261
     265
     226
     244
     269
     242
     253
     265
     198
     245
     201
     259
     265
     225
     257
     231
     245
     273
     222
     250
     242
     234
     260
     252
     253
     240
     244
     254
     238
     264
     241
     247
     196
     222
     251
     225
     231
     248
     235
     237
     246
     248
     224
     240
     257
     208
     246
     235
     251
     239
     241
     220
     258
     224
     216
     237
     239
     262
     222
     267
     246
     230
     234
     230
     230
     231
     228
     237
     241
     248
     244
     236
     216
     222
     220
     230
     258
     240
     229
     232
     249
     213
     264
     234
     211
     230
     223
     215
     222
     216
     222
     228
     228
     233
     277
     225
     225
     245
     242
     230
     238
     234
     217
     227
     221
     211
     198
     236
     211
     237
     207
     244
     220
     222
     254
     216
     253
     235
     231
     236
     212
     220
     208
     258
     233
     234
     232
     197
     221
     230
     220
     257
     194
     226
     234
     197
     231
     247
     222
     236
     209
     221
     244
     250
     220
     227
     210
     223
     216
     232
     213
     230
     211
     218
     236
     254
     234
     235
     252
     191
     224
     219
     230
     232
     229
     202
     212
     260
     224
     228
     181
     250
     250
     232
     215
     225
     205
     222
     220
     257
     226
     246
     227
     243
     238
     240
     227
     208
     225
     232
     190
     217
     207
     229
     245
     243
     226
     210
     211
     216
     243
     200
     223
     226
     233
     236
     226
     221
     216
     209
     242
     218
     205
     225
     222
     213
     216
     234
     229
     186
     214
     199
     230
     215
     195
     203
     213
     216
     204
     207
     212
     200
     214
     202
     216
     212
     197
     204
     205
     184
     160
     190
     173
     221
     194
     188
     189
     185
     183
     204
     196
     211
     164
     169
     188
     187
     174
     204
     203
     181
     199
     189
     194
     182
     187
     179
     186
     169
     183
     166
     170
     201
     180
     199
     205
     189
     170
     165
     173
     174
     160
     171
     166
     205
     174
     150
     190
     168
     167
     165
     172
     168
     193
     172
     167
     172
     174
     170
     168
     188
     168
     193
     174
     182
     173
     153
     182
     156
     176
     177
     183
     158
     161
     161
     175
     163
     173
     164
     206
     152
     176
     170
     177
     177
     181
     173
     171
     183
     172
     147
     164
     184
     182
     147
     186
     154
     159
     140
     167
     176
     180
     140
     142
     166
     171
     167
     151
     153
     159
     163
     140
     146
     167
     143
     184
     160
     159
     153
     148
     164
     162
     164
     159
     155
     146
     147
     135
     176
     137
     149
     157
     153
     152
     162
     150
     130
     166
     141
     146
     165
     150
     130
     149
     162
     142
     151
     174
     155
     150
     165
     159
     150
     158
     153
     160
     155
     147
     144
     158
     155
     134
     130
     156
     142
     144
     165
     154
     134
     154
     165
     152
     156
     153
     151
     163
     149
     140
     133
     143
     142
     161
     163
     158
     167
     163
     164
     171
     136
     159
     171
     154
     155
     162
     160
     153
     147
     138
     146
     159
     160
     171
     154
     152
     164
     161
     145
     156
     162
     170
     153
     157
     156
     174
     138
     160
     151
     158
     147
     166
     155
     167
     163
     170
     148
     169
     162
     160
     152
     166
     177
     147
     155
     167
     161
     164
     185
     177
     188
     194
     168
     177
     201
     178
     182
     195
     178
     179
     208
     204
     228
     197
     173
     212
     221
     166
     222
     205
     223
     209
     204
     246
     204
     248
     228
     220
     263
     221
     266
     266
     261
     283
     281
     279
     281
     294
     308
     318
     328
     317
     328
     333
     330
     387
     313
     335
     378
     354
     364
     409
     387
     389
     396
     381
     402
     438
     408
     456
     450
     428
     452
     471
     467
     461
     524
     499
     513
     513
     518
     538
     512
     549
     519
     543
     590
     573
     518
     562
     552
     596
     626
     630
     578
     638
     611
     622
     652
     625
     673
     635
     658
     643
     611
     613
     650
     635
     636
     590
     636
     656
     634
     631
     575
     625
     645
     601
     563
     615
     617
     574
     542
     606
     555
     589
     561
     560
     551
     592
     524
     528
     503
     490
     548
     542
     501
     469
     519
     488
     452
     469
     496
     431
     464
     450
     457
     437
     425
     417
     427
     394
     405
     351
     411
     357
     326
     336
     350
     314
     338
     341
     321
     335
     324
     333
     290
     265
     281
     300
     253
     270
     272
     265
     251
     237
     232
     251
     203
     179
     207
     210
     231
     191
     190
     199
     200
     203
     190
     180
     193
     182
     207
     162
     175
     190
     184
     171
     177
     203
     159
     161
     154
     177
     188
     170
     169
     164
     173
     159
     168
     174
     142
     157
     159
     167
     167
     163
     163
     159
     160
     159
     165
     137
     153
     149
     165
     166
     144
     148
     153
     141
     148
     158
     151
     143
     152
     158
     159
     166
     178
     166
     154
     160
     166
     134
     175
     151
     137
     153
     158
     170
     133
     156
     155
     160
     172
     163
     167
     141
     161
     177
     149
     128
     169
     152
     152
     177
     144
     174
     155
     149
     153
     158
     135
     154
     147
     156
     176
     161
     129
     148
     178
     159
     169
     136
     170
     174
     150
     161
     168
     148
     162
     153
     165
     172
     172
     151
     175
     160
     139
     154
     155
     178
     143
     136
     176
     138
     160
     141
     160
     166
     142
     171
     142
     158
     154
     155
     163
     174
     157
     164
     167
     166
     162
     172
     173
     131
     166
     175
     167
     184
     159
     159
     187
     174
     162
     156
     168
     155
     153
     160
     161
     157
     172
     178
     162
     167
     190
     199
     172
     174
     167
     188
     176
     169
     173
     167
     186
     163
     180
     144
     173
     180
     147
     179
     189
     167
     189
     178
     163
     200
     173
     179
     176
     167
     196
     201
     174
     159
     173
     171
     166
     182
     168
     180
     161
     164
     165
     198
     184
     178
     195
     179
     186
     179
     228
     183
     171
     175
     168
     195
     191
     165
     190
     193
     196
     174
     172
     196
     184
     153
     190
     177
     182
     152
     192
     174
     188
     196
     182
     189
     173
     202
     195
     172
     168
     174
     182
     169
     184
     186
     192
     168
     185
     184
     182
     164
     175
     174
     187
     193
     171
     199
     173
     200
     170
     172
     185
     168
     173
     199
     182
     185
     182
     192
     187
     196
     185
     191
     181
     187
     172
     175
     180
     178
     187
     180
     184
     205
     181
     172
     172
     172
     189
     185
     186
     184
     200
     184
     175
     179
     187
     173
     217
     167
     172
     186
     202
     192
     199
     183
     185
     189
     169
     193
     173
     196
     169
     192
     203
     199
     176
     170
     197
     179
     159
     162
     193
     223
     189
     208
     191
     197
     167
     185
     195
     160
     164
     191
     177
     179
     189
     184
     204
     175
     219
     187
     193
     229
     180
     213
     206
     191
     190
     184
     184
     167
     196
     198
     178
     193
     171
     189
     175
     160
     198
     155
     166
     184
     170
     205
     193
     166
     186
     169
     167
     186
     155
     190
     181
     172
     176
     204
     176
     169
     166
     189
     144
     175
     183
     160
     181
     164
     169
     151
     189
     179
     164
     162
     180
     191
     162
     166
     169
     143
     147
     155
     167
     159
     133
     174
     155
     154
     150
     161
     166
     190
     154
     143
     159
     150
     148
     154
     155
     137
     163
     156
     157
     162
     158
     139
     137
     147
     156
     145
     148
     137
     151
     150
     161
     157
     152
     124
     143
     157
     144
     144
     151
     140
     152
     139
     140
     126
     147
     137
     130
     149
     133
     141
     151
     147
     156
     145
     143
     101
     129
     135
     145
     137
     131
     121
     124
     115
     117
     126
     126
     136
     137
     108
     118
     122
     140
     132
     126
     141
     133
     127
     111
     117
     128
     130
     136
     113
     129
     112
     130
     111
     115
     128
     120
     132
     119
     123
     107
     143
     136
     120
     124
     105
     127
     115
     127
     124
     143
     108
     106
     114
     125
     123
     113
     105
     126
     102
     108
     123
     143
     116
     136
     101
      96
     121
     114
     125
     113
     126
     111
     113
      98
     127
     125
     103
     114
     129
     118
     114
     117
     119
     120
     121
     112
     111
     117
     110
     109
     133
     118
     108
     122
     119
     122
     103
      89
     110
     105
     108
     100
      90
     109
     111
     105
     137
     112
     106
     122
     107
     103
     133
     112
     110
     101
     121
     108
     103
     122
     132
     102
     119
     104
     100
     123
     111
     101
     128
     117
     125
     107
     112
     113
     111
     112
     126
      87
      99
      93
     121
     103
     100
     117
      97
      91
     123
     119
     101
      97
     135
     103
     104
      93
      98
     103
     128
     136
     101
     108
     112
     108
     118
     111
     119
      94
      93
     107
     108
     113
      98
     118
      99
     115
     102
     119
     113
     122
     103
     114
     105
     110
     106
      88
     103
     113
     104
     115
     117
      97
     116
     111
      99
     113
     123
     111
     110
     103
      87
     130
      98
     109
     101
      89
      98
     121
     112
      95
     113
     112
     118
      96
     110
     105
     131
     131
     123
     138
     135
     120
     133
     108
     112
     105
     128
     130
     127
     118
     145
     132
     121
     132
     134
     144
     125
     148
     138
     135
     142
     165
     157
     155
     160
     172
     155
     140
     156
     145
     183
     180
     182
     166
     184
     159
     184
     188
     201
     202
     184
     210
     201
     212
     199
     213
     201
     209
     203
     231
     229
     231
     223
     229
     223
     247
     255
     272
     241
     237
     259
     279
     282
     278
     252
     298
     270
     285
     294
     286
     322
     273
     297
     283
     335
     313
     321
     324
     320
     314
     313
     338
     346
     300
     338
     335
     351
     327
     346
     346
     366
     308
     407
     363
     342
     357
     389
     385
     366
     376
     363
     349
     385
     405
     378
     381
     389
     374
     392
     402
     402
     403
     355
     384
     384
     395
     371
     392
     437
     348
     370
     358
     388
     409
     396
     408
     416
     393
     381
     375
     362
     360
     356
     310
     351
     348
     356
     373
     327
     347
     326
     349
     336
     295
     348
     358
     323
     320
     338
     363
     319
     322
     277
     281
     301
     309
     293
     272
     271
     258
     285
     286
     263
     298
     246
     244
     247
     243
     263
     247
     219
     233
     214
     225
     244
     218
     204
     225
     192
     192
     224
     174
     178
     178
     159
     141
     180
     163
     158
     154
     134
     157
     127
     128
     155
     141
     155
     155
     119
     123
     128
     112
     139
     115
     102
     119
     108
     106
      99
     119
      96
      88
      81
      98
      93
      90
      91
      87
      93
      77
      77
      80
      86
      64
      87
      71
      72
      55
      75
      59
      62
      61
      72
      64
      65
      70
      59
      61
      54
      56
      61
      40
      62
      68
      67
      46
      64
      57
      67
      60
      64
      71
      80
      73
      69
      48
      62
      49
      53
      68
      67
      60
      75
      61
      59
      66
      76
      70
      67
      73
      75
      68
      66
      58
      83
      70
      83
      84
      85
      74
      93
      88
      87
      99
      82
      83
      94
      97
      98
     107
     101
     115
     107
     107
     103
     131
     127
     129
     139
     115
     134
     119
     141
     133
     134
     132
     132
     122
     155
     154
     136
     144
     172
     166
     139
     185
     175
     153
     174
     171
     200
     189
     196
     219
     210
     181
     168
     185
     193
     201
     203
     207
     191
     195
     215
     222
     231
     231
     219
     239
     244
     246
     252
     234
     225
     227
     257
     266
     244
     253
     267
     237
     267
     302
     281
     295
     279
     284
     286
     293
     287
     255
     277
     294
     292
     271
     281
     268
     291
     301
     284
     287
     300
     303
     309
     291
     304
     280
     296
     306
     321
     294
     306
     319
     314
     287
     318
     282
     297
     290
     284
     264
     307
     289
     278
     286
     301
     303
     295
     281
     295
     281
     296
     317
     278
     262
     271
     284
     275
     272
     272
     257
     247
     276
     282
     266
     229
     245
     264
     262
     229
     224
     234
     274
     246
     246
     244
     202
     232
     250
     205
     205
     230
     219
     226
     219
     205
     195
     160
     181
     195
     192
     183
     167
     180
     190
     167
     167
     161
     162
     164
     156
     149
     154
     138
     139
     126
     145
     145
     131
     117
     129
     112
     127
     107
     124
     119
     104
     116
      87
      99
     121
     130
     112
     100
      86
     102
      87
     102
      84
      80
      86
      78
      74
      84
      56
      67
      70
      70
      63
      75
      62
      63
      59
      63
      58
      50
      53
      76
      37
      61
      52
      42
      57
      48
      39
      48
      28
      33
      56
      36
      40
      34
      47
      42
      37
      25
      31
      23
      33
      39
      32
      30
      28
      34
      29
      20
      33
      21
      26
      16
      23
      21
      13
      25
      23
      20
      25
      24
      15
      17
      27
      29
      12
      17
      21
      17
      29
      19
       9
      33
      20
      21
      17
      10
      10
      21
      16
      19
      12
      14
      22
      14
      23
      21
      14
      18
      10
      13
      11
      16
      12
      11
      17
       8
      12
      11
       9
      11
      16
      13
      10
      12
       8
      11
      25
      14
      17
      14
      18
      14
       8
       9
      16
      11
      11
      18
      10
       9
      11
      12
       8
       9
       5
      11
      10
      13
      11
      18
      11
      11
      16
       5
      13
      19
      11
      11
      12
      13
      11
      14
      10
      13
      12
       9
       5
       7
       6
      16
      18
       8
      11
       8
      10
       9
      11
      10
      11
      16
       7
      17
      13
      11
      13
      18
      20
      11
      16
      14
      10
       6
      10
      11
       7
      19
      11
       6
      15
       9
      11
       8
      11
      14
       7
      19
       6
      14
       7
      16
      10
      12
      18
      15
      14
       8
      10
      11
      13
      13
      13
       8
      15
       9
       3
      15
      10
      15
      15
       9
      18
      19
      13
      17
      10
       4
      12
      18
      17
       9
      13
      18
      11
       9
      13
      13
      11
       6
      14
      11
      11
      12
      12
      10
      10
       5
       6
      11
       9
      10
      10
      11
       5
       5
       9
      13
      10
      10
       5
       8
      15
      13
       8
      13
      11
      10
      10
       8
       9
       9
      14
      14
      11
      11
      10
      16
      10
      14
      10
      12
       6
       5
       6
       5
      14
      11
       6
       9
      13
       5
       4
      13
      14
      11
      14
      12
      15
       5
      11
      12
       6
      10
       8
      10
       8
       7
      10
       6
       9
      12
      14
       9
      10
       8
      11
      12
      11
      11
      15
       8
       7
      11
       8
       9
      10
      13
      11
      10
       7
       8
       9
      13
      10
       4
       8
      14
       7
      11
      14
       5
       8
       8
      15
      10
      11
      13
      13
      16
      16
       9
      11
      10
      14
      14
      13
      14
      10
      11
      12
       8
       8
       7
       8
       9
      10
      12
       9
      13
       1
      12
       9
       8
      10
       9
       7
      13
      11
       7
       8
      12
       9
       9
      12
       9
      13
      14
       6
       6
      10
      14
       9
      10
      14
       8
      12
      11
       6
       9
       9
      11
      12
       9
       6
      10
       5
      10
       5
       8
       5
      13
      16
      10
      12
       8
       8
      10
      10
      12
       8
      10
      12
      11
      12
       8
       9
      12
      10
      16
      13
       7
       7
       9
       9
      12
       5
      13
       8
      11
       6
       5
       3
       8
       9
      15
      12
       4
      11
      16
      11
      12
      18
       6
       7
       9
      11
      16
      12
       8
      14
      10
      13
       9
       5
      10
      11
       5
       9
      10
       9
       8
       8
       9
       4
      15
       9
       7
      11
       7
       6
      17
       6
      11
       8
       7
      11
       7
       9
       8
       8
      12
       9
       5
      11
       6
       3
       8
      12
      11
       7
       8
      19
       8
       9
      12
       8
       8
      13
       9
      11
      11
       7
       6
      14
       9
       8
       4
       6
      14
      10
       8
       8
      13
      10
       4
      12
      14
      12
       9
       6
      13
      13
       1
       9
      13
       9
      11
       9
       6
       6
      10
      13
       6
      12
       4
       3
       2
      14
      10
       9
      11
       8
      10
       9
       5
       7
      11
       9
       9
       6
       6
      10
       3
      13
       6
       6
      13
       8
       5
      11
      14
       7
       6
      13
      10
       8
       9
       8
      12
      18
      10
      16
       5
       8
      11
      13
      10
       8
      10
       8
       7
      10
       9
      10
      10
      10
      12
      17
       6
       6
       5
      10
       5
       4
      11
      10
       9
       6
       7
      12
       9
       8
       8
       8
       5
      14
       5
       4
      11
      11
      10
       7
      10
      10
      16
       5
       8
      11
       8
      14
       6
       5
       3
       8
      11
       7
       8
       6
      11
       5
      10
       7
      10
       6
       2
       4
      12
      11
      11
      12
       8
       9
       5
       8
       4
       6
       5
       9
       6
       5
      10
       8
       9
      11
       6
       3
       1
      10
       8
       6
       5
       8
       3
       6
       6
       6
       5
       7
       9
       4
      13
      14
       6
       7
       9
      11
       4
       6
       8
       7
       7
      11
       4
       5
       9
       7
      12
       6
       6
       6
       8
      10
       8
       8
      11
       7
       7
       4
       8
      12
       5
      14
      10
      13
       5
       6
       9
       6
       9
       4
       7
       6
      12
      11
       6
       4
       6
       4
       5
      10
      11
       7
      11
      12
       6
       4
      11
       8
       5
       7
       6
      12
      12
       7
       4
       7
       5
       2
      10
       7
       7
      10
       9
      12
      12
       8
       8
       5
       9
       9
       8
      13
      11
      11
       9
       8
       6
       8
       3
       8
       6
       7
       5
       3
       9
       6
       6
       4
      10
       8
      11
       4
       5
      11
       5
      10
       6
       6
      10
       7
      11
       1
       7
       4
       7
       9
       5
       6
      11
      13
       9
       5
       4
      10
       9
       6
       7
       2
       7
       8
       5
      10
       4
       3
      10
       9
       5
       5
       5
       2
      13
      13
       7
      12
       8
       6
       4
       3
       7
      14
       7
       7
       8
       4
       7
       9
       7
      10
       5
       7
       3
       5
       5
       5
       6
       4
       7
       4
       6
      10
       3
      10
       3
      13
       5
      11
      15
       6
       2
       8
       8
       5
      11
       5
       4
       1
       8
       7
      11
       9
       9
      12
       3
       4
       7
       9
       6
       6
       7
       2
       7
       6
      10
       5
       9
       6
       4
       5
       5
       5
       5
       6
       6
       5
       6
       8
       7
       7
       6
       7
      11
       2
       3
      10
       5
       7
       7
       7
       3
       2
       6
       5
       5
       3
       9
       7
       7
       7
       9
       2
       9
       5
      10
       8
       7
       8
       9
       8
       7
       4
       5
       6
       7
       3
       5
       5
      10
       4
       7
      15
       7
       7
      10
       4
       5
       3
       2
       9
       4
       3
       6
       6
       4
       6
       1
      10
       5
       6
       3
       8
       5
       6
       8
      11
       3
       2
      10
       7
      12
       6
       5
       4
      10
       2
       6
       4
       6
       5
      10
       2
       9
       5
       8
       6
       5
       6
       5
       4
       7
      10
       4
       8
       8
       9
       6
       4
       6
       4
       7
       6
       7
       7
       4
       7
       9
       3
       6
       6
       5
       6
       3
       7
       3
       6
       5
       2
       5
       1
      10
       4
       6
       5
      10
       5
       4
       6
       2
       2
       7
       6
       6
       7
       9
       3
       5
       6
      10
       7
      11
       6
       8
       6
       3
       8
       4
       7
       3
       6
       6
       5
       7
       7
      10
       6
       8
       5
       6
       5
       3
       6
       6
       4
       2
       5
       3
       5
       4
       3
       7
       9
       4
       6
       7
      10
       7
       8
       2
       4
       7
       8
       8
      11
       6
       4
       8
       3
       4
       3
       6
       6
       6
       6
       4
       9
       4
       2
       8
       4
       9
       6
       5
       7
       6
       7
       5
       6
       5
       5
       8
      11
       2
       2
       4
       2
       6
      10
       7
       9
       5
       3
       8
       7
       8
       8
      10
       6
       5
       6
       5
       4
       5
       5
       4
       9
       9
       5
       4
       5
       5
       7
       1
       8
       6
       4
       5
       3
       4
       6
      10
       4
       4
       7
       9
       3
       5
       1
       6
       5
      10
       8
       3
       3
       6
       8
       8
       6
       6
       4
       8
      10
       7
       3
       4
       2
       7
       9
       6
      11
       8
       4
       4
       2
       7
       3
       3
       3
       5
       5
       3
       5
       7
       5
       3
       5
       3
       5
       3
       8
       4
       4
       9
       4
       6
       5
       7
       5
       6
      11
       3
       4
       4
       2
       4
       5
       4
       8
       5
       3
       5
       8
       6
       9
       6
       7
       5
       4
       6
       3
       7
       7
       5
       6
       7
       2
       3
       2
       6
       7
       5
       3
       7
       7
       6
       6
       6
       1
       3
       4
       4
       3
       8
       6
       2
       3
       1
      12
       5
       4
       6
       4
       2
       5
       5
       2
       5
       4
       7
       4
       5
       4
       3
       8
       3
       7
       3
       3
       4
       4
       7
       5
       3
       3
       2
       7
       4
       5
       3
       5
       9
      10
       8
       2
       6
      10
       4
       3
       5
       4
       3
       7
       7
       6
       7
       4
       3
       6
       2
       8
       7
       7
       6
       6
       5
       9
       4
       4
       3
       4
       5
       6
       9
       7
       6
       6
       2
      12
       3
       4
       4
       5
       6
       2
       8
       3
       5
      12
       5
       4
       3
       8
       4
       4
       6
       6
       2
       5
       2
       7
       7
       3
       4
       9
       5
       4
       7
       6
       7
       5
       5
       9
       6
       3
       6
       3
       2
       6
       3
       2
       5
       7
       5
       2
       5
       7
       3
       6
       5
       7
       5
       4
       6
       7
       5
       6
       6
       7
       5
       5
       6
      11
       6
       5
       5
       7
       6
       5
       9
       2
       4
       4
       2
       2
      10
       5
       2
      13
      10
       4
       6
       4
       1
       5
       2
       6
       2
       9
       6
       6
       6
       3
       3
       4
      10
       4
       5
       3
      10
       5
       6
       5
       5
       8
       7
       5
       7
       2
       3
      10
       3
       2
       5
       1
       5
       9
       7
       8
       4
       9
       7
       6
       8
       3
      10
       5
       4
       5
       0
       8
       6
       4
       6
       3
       8
       5
       7
       6
       6
       8
       3
       5
       6
       2
       4
       4
       5
       2
       8
       7
       4
       2
       5
       6
       5
       2
       3
       6
       3
       5
       4
       7
       3
       1
       8
       2
       5
       2
       6
       8
       2
       7
       3
       7
       5
       3
       2
       5
       2
       5
       4
       3
       7
       4
       7
       4
       5
       6
       1
       4
       3
       2
       6
       6
       7
       0
       5
       6
       3
       7
       1
       5
       7
       2
       1
       4
       4
       2
       7
       8
       3
       1
      10
       5
       9
       3
       5
       3
       7
       3
       3
       5
       4
       5
       4
       5
       5
       4
       2
       2
       3
       2
       6
       3
       3
       3
       3
       1
       9
       3
       7
       1
       3
       5
       4
       4
       3
       2
       7
       4
       6
       1
       1
       3
       6
       1
       4
       2
       7
       3
       3
       3
       2
       6
       2
       4
       4
       4
       3
       5
       2
       3
       5
       7
       3
       4
       1
       4
       4
       4
       6
       1
       4
       3
       6
       7
       3
       2
       2
       1
       5
       6
       2
       1
       5
       4
       0
       0
       0
       0
       0
       0
       0
       0
       0
       0
       0
       0
       0
       0
       0
       0
       0
       0
       0
       0
       0
       0
       0
       0
       0
       0
       0
       0
       0
       0
       0
       0
       0
       0
       0
       0
       0
       0
       0
       0
       0
       0
       0
       0
       0
       0
       0
       0
       0
       0
       0
       0
       0
       0
       0
       0
       0
       0
       0
       0
       0
       0
       0
       0
$ROI:
4
203 286
1086 1281
1928 2163
2196 2467
$PRESETS:
None
0
0
$ENER_FIT:
-30.107386 0.584259
$MCA_CAL:
3
-3.010739E+001 5.842592E-001 0.000000E+000 keV
$SHAPE_CAL:
3
4.801970E+001 3.173729E-002 0.000000E+000
