$SPEC_ID:
No sample description was entered.
$SPEC_REM:
DET# 1
DETDESC# VCH-0609 MCB 129
AP# Maestro Version 7.01
$DATE_MEA:
02/26/2018 14:41:48
$MEAS_TIM:
559 564
$DATA:
0 4095
       0
       0
       0
       0
       4
       0
       0
       0
       0
       0
       0
       0
       0
       0
       0
       0
       0
       0
       0
       0
       0
       0
       0
       0
       0
       0
       0
       0
       0
       0
      16
      65
      86
     102
     114
     100
     122
     120
     109
     120
     101
      85
      96
     107
     107
     101
      99
     114
     100
     101
     110
     106
      98
     112
     133
     112
     127
     114
     114
     121
     139
     125
     125
     113
     129
     112
     118
     132
     128
     132
     126
     113
     134
     116
     118
     115
     129
     120
     124
     115
     116
     124
     110
     118
     137
     133
     122
     116
     129
     146
     132
     129
     143
     158
     134
     131
     124
     131
     132
     145
     126
     165
     149
     147
     123
     144
     170
     152
     146
     146
     164
     153
     152
     139
     152
     157
     148
     161
     154
     154
     144
     151
     157
     158
     170
     166
     170
     187
     188
     193
     175
     186
     196
     194
     228
     217
     218
     215
     242
     221
     243
     262
     272
     273
     260
     308
     281
     273
     272
     255
     296
     294
     307
     268
     290
     290
     284
     286
     279
     297
     251
     261
     243
     260
     273
     251
     259
     236
     245
     256
     249
     259
     234
     227
     221
     230
     211
     225
     214
     214
     224
     228
     213
     241
     211
     235
     202
     226
     229
     211
     204
     190
     219
     202
     232
     206
     220
     217
     197
     216
     200
     226
     223
     216
     225
     223
     233
     213
     231
     196
     209
     206
     213
     211
     209
     236
     219
     244
     227
     224
     219
     250
     229
     215
     213
     231
     213
     245
     230
     205
     225
     227
     253
     237
     215
     248
     228
     193
     237
     233
     244
     226
     247
     203
     211
     226
     210
     235
     218
     229
     251
     211
     224
     236
     246
     242
     239
     220
     182
     216
     234
     214
     214
     235
     243
     246
     231
     244
     201
     237
     220
     258
     220
     226
     236
     215
     243
     218
     219
     245
     219
     222
     228
     214
     236
     243
     234
     209
     229
     221
     224
     232
     216
     203
     219
     220
     203
     224
     223
     223
     219
     225
     230
     194
     218
     211
     214
     208
     214
     208
     208
     200
     210
     200
     215
     220
     215
     196
     202
     205
     201
     201
     202
     209
     209
     226
     200
     198
     205
     225
     214
     168
     201
     199
     232
     195
     202
     170
     182
     202
     195
     227
     203
     237
     207
     202
     196
     195
     190
     204
     180
     185
     202
     196
     239
     199
     200
     196
     203
     221
     188
     199
     192
     199
     163
     176
     195
     182
     168
     202
     204
     184
     166
     204
     192
     192
     214
     187
     191
     185
     159
     176
     207
     185
     167
     176
     214
     201
     202
     203
     196
     211
     198
     202
     185
     214
     199
     190
     215
     216
     200
     210
     205
     210
     213
     198
     206
     201
     208
     195
     204
     224
     223
     203
     195
     243
     232
     222
     223
     220
     210
     216
     220
     220
     215
     224
     222
     212
     230
     189
     195
     227
     212
     186
     224
     205
     210
     212
     206
     242
     233
     232
     212
     199
     214
     219
     216
     197
     211
     215
     204
     164
     185
     211
     243
     209
     216
     235
     205
     180
     210
     192
     195
     205
     174
     192
     184
     201
     209
     180
     184
     168
     198
     205
     194
     190
     185
     192
     177
     184
     193
     196
     176
     189
     172
     187
     183
     170
     171
     158
     179
     183
     174
     178
     190
     160
     176
     182
     174
     173
     171
     165
     152
     172
     163
     181
     172
     165
     165
     193
     185
     177
     164
     163
     160
     166
     160
     158
     168
     163
     175
     159
     186
     152
     159
     146
     149
     159
     165
     160
     166
     149
     176
     162
     129
     141
     129
     138
     156
     149
     146
     159
     139
     148
     140
     163
     148
     132
     152
     132
     163
     134
     146
     166
     147
     143
     139
     139
     156
     131
     133
     139
     142
     131
     135
     127
     135
     127
     149
     182
     146
     152
     152
     125
     142
     128
     153
     129
     144
     156
     119
     152
     135
     117
     142
     130
     137
     146
     142
     140
     133
     135
     161
     143
     114
     145
     139
     131
     134
     111
     146
     139
     154
     127
     141
     138
     113
     112
     141
     144
      97
     125
     134
     146
     126
     127
     101
     127
     117
     141
     136
     135
     110
     125
     138
     123
     102
     127
     142
     126
     111
     114
      96
     124
     112
     144
     132
     124
      96
     145
     134
     107
     134
     133
     114
     123
     119
     137
     124
      95
     108
     106
     102
     105
     112
     120
     109
     151
     115
     127
     100
     101
     108
     103
     116
     107
     105
     133
     102
     109
     112
     110
     108
     129
      99
     101
     104
     105
     122
     133
     115
      97
     105
     100
     103
     103
     114
      95
      83
      94
     116
     106
     112
     127
      94
     120
     105
     105
     103
     127
     102
     109
     104
     112
      98
      98
      99
     108
      93
      91
     105
      94
     105
      92
     102
     108
      97
     115
     100
     105
     114
     101
     110
      91
      96
     106
      81
      98
     127
     126
     109
      91
     102
     113
     108
      97
     100
     115
     104
     116
      90
      98
      98
      98
     116
     103
     107
      98
     105
     111
     109
      96
     101
     114
      77
     107
     122
      93
     118
      93
      97
      92
      88
     108
      88
      99
      83
      86
      99
      84
      93
     101
      91
     105
      85
      89
     101
      98
      70
     102
      76
     114
      96
      97
      80
      96
      93
      83
     110
     100
     101
      84
     107
     105
      95
      86
      94
      95
      81
      76
      88
      76
      87
      84
      86
      84
      86
      91
      94
      79
      86
      96
      95
      97
      98
      93
     101
      74
      73
      95
     106
     102
      80
      84
      91
      95
      89
      94
      79
      81
      74
      99
      78
      81
      91
      76
      74
      81
      96
     106
      78
      97
      92
      74
      98
      96
      86
      95
      75
      83
      91
      90
      91
      76
      85
      78
      87
      83
      79
     108
      97
      86
      84
      97
      87
      89
      75
     104
      99
      96
      94
     104
      93
      82
      79
      86
      98
      78
      81
      88
      96
      90
      80
      65
      87
      76
     104
      87
      81
      81
      77
      72
      95
      95
      91
      94
      95
      75
      78
      60
      74
     107
      90
      95
      88
      67
      92
      85
      78
      94
      86
     100
      68
      93
      88
      90
      79
      97
      81
      96
      68
      80
      93
      76
      75
      87
      94
      92
      90
      98
      94
      80
      94
      84
      90
      83
      86
      72
      86
      90
      74
      90
      84
      84
      87
      79
      90
      95
      79
      66
      88
      79
      79
      95
      90
      93
      78
      76
      85
      78
      83
      92
      76
      71
      71
      78
      70
      70
      91
      68
      81
      70
      84
      76
      73
      83
      60
      71
      62
      72
      72
      69
      75
      94
      75
      85
      67
      71
      55
      72
      81
      91
      73
      92
      71
      73
      76
      94
      68
      80
      74
      63
      71
      73
      67
      86
      78
      87
      81
      75
      76
      80
      79
      71
      65
      62
      81
      71
      77
      57
      70
      64
      54
      56
      72
      59
      78
      71
      69
      68
      56
      75
      68
      68
      79
      74
      81
      97
      78
      54
      66
      67
      78
      75
      69
      79
      77
      65
      76
      77
      79
      66
      67
      65
      68
      64
      70
      61
      89
      85
      66
      64
      77
      77
      63
      76
      72
      81
      59
      72
      71
      73
      64
      78
      80
      68
      79
      64
      60
      64
      51
      57
      59
      84
      80
      58
      62
      67
      68
      86
      82
      81
      76
      72
      72
      57
      62
      60
      63
      51
      66
      66
      72
      72
      79
      61
      82
      75
      67
      65
      60
      74
      73
      71
      66
      61
      71
      73
      65
      79
      79
      63
      55
      60
      64
      74
      70
      65
      60
      68
      66
      67
      62
      81
      61
      65
      79
      55
      67
      62
      77
      64
      65
      65
      58
      70
      62
      65
      62
      69
      61
      80
      64
      60
      65
      66
      61
      63
      65
      73
      62
      57
      61
      54
      72
      67
      71
      77
      72
      52
      66
      66
      70
      73
      77
      70
      74
      68
      64
      68
      65
      53
      64
      60
      69
      58
      64
      69
      60
      74
      49
      52
      70
      60
      67
      75
      65
      77
      54
      68
      63
      84
      84
      70
      70
      62
      62
      77
      64
      72
      60
      34
      70
      61
      58
      69
      66
      64
      56
      67
      62
      65
      80
      69
      65
      64
      63
      55
      62
      65
      60
      53
      71
      89
      78
      58
      50
      62
      50
      45
      51
      46
      54
      65
      57
      61
      63
      69
      86
      60
      64
      63
      65
      49
      64
      61
      59
      72
      63
      72
      58
      62
      65
      70
      70
      76
      49
      62
      78
      57
      70
      64
      74
      62
      62
      64
      51
      56
      74
      65
      64
      63
      78
      71
      60
      53
      65
      58
      46
      73
      59
      64
      58
      57
      85
      51
      55
      65
      59
      50
      72
      67
      47
      68
      58
      57
      64
      58
      58
      64
      73
      69
      74
      55
      67
      59
      76
      65
      67
      70
      60
      52
      65
      55
      66
      60
      71
      67
      55
      95
      61
      70
      74
      64
      61
      65
      55
      63
      57
      62
      68
      81
      52
      58
      53
      71
      67
      54
      73
      50
      74
      64
      55
      63
      71
      70
      63
      69
      51
      62
      61
      75
      70
      71
      53
      64
      63
      64
      67
      71
      46
      67
      72
      61
      62
      70
      62
      84
      63
      64
      70
      63
      86
      61
      61
      58
      61
      52
      58
      63
      60
      65
      59
      82
      80
      64
      59
      63
      60
      68
      58
      95
      68
      53
      65
      56
      72
      50
      58
      58
      57
      62
      64
      60
      59
      62
      66
      59
      56
      57
      61
      53
      76
      45
      57
      68
      66
      64
      62
      62
      66
      85
      54
      51
      82
      54
      73
      51
      65
      71
      58
      66
      57
      61
      71
      52
      54
      70
      56
      65
      64
      52
      54
      58
      66
      65
      66
      56
      62
      69
      67
      58
      58
      53
      68
      47
      70
      72
      57
      58
      66
      67
      69
      73
      72
      63
      68
      58
      67
      69
      63
      67
      58
      69
      53
      63
      64
      67
      64
      50
      58
      58
      71
      59
      66
      59
      60
      61
      74
      63
      58
      72
      67
      57
      60
      65
      58
      57
      57
      52
      62
      59
      91
      66
      60
      74
      73
      55
      67
      47
      67
      57
      52
      72
      62
      57
      57
      56
      60
      56
      73
      64
      52
      61
      68
      63
      73
      53
      57
      72
      77
      51
      68
      60
      53
      46
      62
      72
      57
      76
      59
      64
      67
      65
      64
      50
      48
      77
      56
      73
      66
      73
      62
      55
      52
      89
      82
      56
      80
      68
      69
      61
      60
      51
      58
      55
      72
      61
      65
      66
      70
      71
      63
      75
      56
      57
      52
      64
      71
      64
      60
      68
      92
      57
      57
      72
      62
      65
      78
      80
      68
      56
      66
      67
      55
      55
      66
      60
      60
      69
      69
      76
      63
      61
      58
      75
      63
      53
      77
      68
      70
      74
      76
      57
      76
      67
      72
      83
      73
      79
      76
      55
      69
      71
      82
      59
      67
      67
      88
      73
      84
      57
      77
      70
      59
      73
      59
      79
      59
      67
      90
      71
      64
      69
      73
      73
      68
      81
      60
      68
      79
      70
      56
      58
      59
      71
      57
      75
      78
      60
      70
      83
      77
      71
      62
      63
      64
      62
      57
      70
      60
      62
      73
      69
      75
      74
      76
      69
      62
      68
      73
      66
      63
      71
      75
      79
      76
      75
      64
      71
      80
      86
      69
      63
      73
      76
      55
      84
      74
      78
      63
      71
      67
      88
      70
      71
      54
      64
      64
      59
      65
      70
      80
      79
      66
      79
      68
      64
      78
      81
      74
      61
      57
      69
      62
      64
      76
      70
      74
      42
      65
      75
      67
      62
      63
      75
      65
      56
      69
      70
      67
      66
      53
      69
      67
      75
      68
      65
      71
      60
      77
      66
      66
      55
      68
      75
      72
      59
      49
      75
      75
      62
      56
      67
      80
      61
      67
      84
      70
      62
      61
      48
      56
      66
      51
      55
      65
      69
      75
      77
      68
      87
      58
      57
      85
      70
      69
      50
      70
      75
      70
      61
      71
      75
      78
      74
      61
      69
      60
      65
      87
      64
      64
      76
      82
      71
      79
      82
      55
      85
      66
      88
      77
      59
      80
      76
      76
      78
      88
      70
      69
      80
      63
      78
      66
      69
      64
      74
      65
      69
      69
      56
      73
      67
      65
      61
      64
      72
      86
      67
      73
      72
      85
      74
      57
      74
      75
      75
      78
      64
      84
      74
      54
      65
      70
      60
      74
      60
      83
      70
      65
      76
      89
      69
      65
      72
      68
      66
      67
      72
      76
      76
      75
      81
      92
      74
      94
      74
      69
      74
      81
      72
      82
      66
      75
      79
      77
      57
      76
      87
      79
      84
      72
      74
      90
      69
      86
      75
      73
      82
      96
      80
      61
      76
      73
      62
      64
      83
      86
      73
      75
      78
      72
      79
      81
      77
      82
      94
      88
      86
      68
      79
      68
      71
      79
      78
      70
      79
      78
      77
      81
      66
      65
      68
      83
      73
      89
      82
      68
     101
      65
      71
      74
      81
      58
      77
      86
      71
      51
      84
      81
      72
      77
      67
      89
      67
      79
      60
      74
      77
      70
      70
      74
      84
      68
      71
      75
      83
      87
      78
      72
      96
      82
      91
      87
      87
      89
      91
      72
      78
      79
      81
      86
      83
      81
      74
      67
      68
      71
      64
      84
      79
      66
      83
      80
      76
      79
      76
      76
      82
      72
      79
      68
      82
      78
      84
      67
      74
      88
      80
      81
      69
      69
      80
      75
      81
      68
      76
      70
      81
      86
      61
      77
      72
      62
      64
      64
      65
      67
      77
      72
      80
      70
      71
      69
      61
      55
      73
      61
      88
      81
      78
      63
      59
      76
      74
      62
      73
      89
      76
      57
      55
      66
      69
      68
      59
      56
      61
      58
      48
      70
      71
      47
      66
      62
      45
      60
      48
      61
      65
      61
      50
      66
      62
      60
      40
      54
      66
      48
      47
      67
      58
      53
      57
      45
      54
      49
      43
      56
      44
      52
      51
      53
      58
      36
      51
      58
      50
      47
      48
      56
      46
      60
      45
      48
      58
      44
      54
      46
      39
      35
      47
      47
      42
      44
      44
      51
      39
      41
      50
      44
      50
      39
      37
      35
      33
      32
      46
      32
      26
      39
      47
      36
      36
      34
      42
      41
      34
      34
      41
      32
      37
      38
      34
      32
      39
      28
      38
      32
      30
      35
      25
      31
      31
      23
      27
      45
      33
      33
      36
      34
      27
      38
      26
      29
      27
      20
      21
      30
      17
      27
      34
      24
      24
      23
      28
      21
      28
      32
      19
      21
      19
      25
      22
      28
      22
      19
      21
      29
      19
      23
      19
      27
      24
      18
      21
      22
      23
      19
      19
      17
      13
      29
      21
      16
      22
      16
      19
      20
      25
      20
      20
      15
      17
      16
      28
      26
      19
      15
      20
      17
      33
      25
      18
      13
      19
      14
      16
      20
      15
      19
      20
      21
      12
      20
      14
      18
      13
      21
      10
      17
      21
      16
      14
      20
      21
      22
      18
      21
      17
       8
      15
      19
      15
       7
      17
      18
      19
      23
      17
      24
      24
      21
      19
      18
      14
      12
      13
      22
      17
      15
      25
      19
      18
      16
      17
      24
      13
      17
      15
      14
      11
      17
      26
      17
      25
      24
      12
      19
      18
      28
      18
      21
      17
      19
      18
      12
      26
       9
      30
      19
      17
      21
      22
      18
      21
      22
      23
      27
      18
      14
      29
      21
      22
      29
      28
      16
      24
      26
      26
      24
      30
      33
      20
      31
      36
      41
      34
      28
      35
      29
      25
      35
      35
      32
      36
      35
      28
      34
      29
      41
      36
      38
      45
      44
      41
      47
      35
      40
      40
      39
      47
      37
      47
      54
      43
      50
      40
      57
      54
      47
      42
      44
      63
      42
      52
      34
      65
      50
      56
      65
      69
      53
      68
      75
      64
      76
      70
      72
      74
      88
      75
      77
      86
     108
      68
      80
     107
      81
      84
     117
      97
      97
     108
      98
     110
     100
     109
     110
     118
     122
      92
     112
     125
     126
     118
     128
     139
     141
     121
     135
     135
     133
     151
     135
     145
     125
     158
     163
     143
     165
     139
     161
     175
     152
     171
     148
     166
     193
     185
     171
     177
     170
     212
     186
     181
     183
     171
     185
     164
     175
     211
     200
     197
     182
     198
     210
     215
     221
     205
     189
     201
     208
     213
     200
     218
     197
     204
     208
     214
     201
     207
     234
     208
     207
     218
     233
     216
     218
     191
     221
     220
     208
     183
     222
     221
     190
     227
     204
     206
     207
     205
     213
     206
     242
     202
     220
     203
     201
     207
     189
     200
     179
     229
     201
     203
     201
     234
     181
     197
     216
     200
     233
     205
     172
     160
     188
     189
     187
     191
     187
     153
     169
     162
     188
     155
     167
     182
     146
     146
     151
     134
     160
     140
     166
     161
     147
     128
     146
     141
     139
     124
     117
     133
     146
     112
     141
     132
     112
     117
      96
     106
     112
     100
     124
     102
      93
      89
      82
      97
      85
      93
     104
      74
      90
      97
      80
      72
      71
      62
      72
      62
      66
      71
      65
      53
      63
      60
      55
      59
      64
      37
      51
      50
      55
      49
      48
      35
      33
      42
      28
      38
      36
      46
      38
      38
      44
      36
      29
      32
      32
      19
      31
      29
      21
      25
      22
      30
      26
      20
      32
      20
      20
      25
      22
      24
      14
      25
      23
      16
      18
      22
      18
      17
      16
      11
      14
       9
      19
      14
      14
      12
       5
       7
      15
       6
      19
      14
       8
      10
       5
       8
       6
       9
       8
       6
       7
       3
       7
       7
       6
       4
       3
       4
       5
       5
       6
       5
       3
       5
       7
       6
       2
       3
       4
       4
       3
       2
       4
       2
       3
       4
       7
       2
       6
       2
       2
       4
       4
       3
       4
       0
       3
       3
       3
       1
       2
       1
       2
       2
       4
       3
       3
       3
       4
       3
       0
       1
       0
       6
       4
       5
       1
       2
       1
       3
       4
       3
       3
       2
       3
       3
       2
       4
       2
       4
       3
       2
       4
       1
       7
       3
       0
       1
       0
       4
       4
       1
       1
       3
       1
       3
       3
       3
       2
       2
       1
       1
       1
       4
       1
       0
       2
       1
       3
       1
       4
       3
       4
       1
       3
       1
       3
       4
       2
       0
       2
       0
       3
       0
       2
       3
       3
       0
       1
       0
       0
       1
       1
       0
       1
       2
       0
       2
       1
       6
       3
       1
       3
       1
       3
       2
       5
       0
       2
       1
       3
       2
       1
       0
       0
       1
       3
       1
       0
       1
       3
       2
       4
       1
       2
       0
       3
       2
       0
       2
       1
       0
       0
       1
       0
       0
       1
       1
       1
       4
       0
       1
       3
       1
       3
       2
       0
       2
       1
       0
       2
       0
       1
       0
       2
       1
       0
       0
       0
       1
       2
       4
       0
       0
       3
       1
       2
       2
       3
       0
       1
       1
       1
       1
       0
       0
       0
       0
       2
       2
       1
       1
       3
       1
       0
       2
       2
       1
       0
       0
       0
       1
       0
       2
       0
       1
       1
       0
       1
       0
       1
       1
       3
       3
       0
       2
       1
       0
       1
       1
       0
       0
       0
       2
       2
       0
       2
       2
       0
       1
       3
       1
       2
       0
       1
       1
       0
       2
       0
       4
       1
       0
       0
       1
       0
       0
       1
       2
       2
       3
       2
       0
       3
       1
       2
       0
       0
       0
       1
       1
       2
       0
       4
       1
       2
       1
       0
       1
       0
       2
       1
       3
       1
       0
       1
       1
       0
       1
       0
       1
       2
       2
       2
       0
       2
       1
       1
       1
       0
       1
       1
       0
       1
       0
       0
       1
       2
       1
       1
       1
       2
       0
       1
       3
       1
       2
       0
       0
       2
       1
       1
       1
       2
       1
       1
       1
       1
       1
       2
       0
       0
       0
       0
       1
       2
       2
       0
       1
       0
       1
       0
       1
       1
       1
       2
       0
       0
       1
       1
       2
       2
       1
       2
       2
       1
       1
       1
       0
       2
       0
       1
       0
       3
       1
       1
       0
       0
       2
       0
       1
       1
       1
       1
       0
       2
       0
       0
       0
       0
       1
       0
       1
       1
       2
       1
       2
       1
       3
       0
       1
       0
       1
       0
       1
       0
       1
       2
       2
       2
       1
       1
       1
       0
       1
       1
       1
       0
       2
       0
       0
       1
       1
       3
       0
       2
       0
       1
       1
       1
       1
       1
       2
       0
       0
       2
       1
       1
       0
       0
       1
       0
       3
       0
       1
       1
       0
       0
       0
       0
       0
       0
       1
       1
       1
       0
       2
       0
       1
       0
       3
       1
       0
       2
       0
       0
       1
       1
       0
       1
       1
       0
       0
       0
       0
       0
       1
       0
       0
       0
       0
       1
       0
       2
       4
       0
       0
       0
       2
       1
       0
       1
       0
       0
       0
       1
       2
       0
       0
       0
       1
       0
       2
       0
       1
       1
       1
       1
       0
       1
       2
       2
       1
       0
       1
       0
       1
       4
       1
       0
       0
       0
       0
       0
       1
       1
       1
       1
       0
       0
       0
       0
       0
       1
       0
       0
       1
       1
       1
       2
       0
       1
       2
       0
       0
       0
       2
       2
       1
       1
       0
       0
       0
       2
       1
       0
       0
       0
       1
       0
       1
       1
       1
       1
       0
       1
       1
       0
       0
       0
       0
       0
       2
       2
       1
       0
       0
       0
       0
       0
       0
       0
       0
       2
       1
       0
       0
       0
       0
       0
       0
       1
       0
       0
       1
       1
       0
       0
       0
       1
       0
       0
       1
       2
       0
       0
       0
       0
       0
       1
       0
       0
       0
       3
       0
       1
       0
       1
       2
       0
       1
       0
       0
       1
       0
       1
       0
       1
       0
       0
       0
       0
       2
       1
       1
       2
       1
       1
       0
       0
       1
       2
       0
       1
       0
       1
       0
       2
       0
       0
       0
       0
       2
       0
       0
       2
       0
       0
       1
       1
       0
       0
       0
       0
       0
       0
       0
       0
       1
       1
       0
       0
       0
       0
       0
       2
       2
       1
       1
       0
       0
       0
       0
       2
       1
       1
       1
       1
       1
       0
       0
       0
       0
       0
       0
       1
       1
       2
       0
       0
       1
       1
       0
       0
       1
       2
       1
       1
       2
       0
       0
       0
       0
       2
       0
       0
       0
       0
       2
       1
       0
       2
       0
       0
       0
       1
       1
       1
       1
       0
       0
       2
       0
       1
       1
       1
       0
       1
       2
       2
       0
       0
       0
       0
       1
       0
       0
       1
       0
       0
       0
       1
       0
       0
       0
       1
       0
       0
       0
       1
       1
       0
       1
       0
       0
       1
       1
       0
       0
       0
       0
       0
       0
       0
       0
       0
       0
       1
       0
       1
       1
       0
       0
       0
       0
       3
       0
       0
       0
       1
       0
       0
       1
       0
       0
       0
       1
       2
       1
       0
       0
       2
       4
       0
       1
       1
       0
       0
       1
       0
       0
       0
       0
       0
       0
       0
       0
       1
       0
       0
       0
       2
       0
       1
       0
       0
       0
       0
       1
       1
       0
       0
       2
       0
       0
       0
       2
       0
       1
       0
       1
       0
       0
       0
       0
       1
       1
       1
       0
       0
       1
       0
       1
       1
       1
       1
       1
       1
       0
       0
       0
       0
       1
       0
       1
       0
       0
       0
       0
       0
       0
       0
       1
       0
       0
       0
       1
       0
       0
       0
       0
       0
       2
       0
       0
       0
       0
       1
       1
       0
       0
       0
       1
       0
       0
       0
       0
       0
       2
       1
       1
       0
       0
       3
       1
       1
       0
       2
       0
       0
       1
       0
       1
       0
       1
       1
       0
       2
       2
       0
       1
       1
       0
       0
       0
       0
       0
       0
       0
       1
       0
       1
       1
       1
       1
       1
       1
       0
       0
       0
       0
       2
       0
       1
       0
       0
       1
       1
       0
       0
       0
       1
       0
       0
       0
       0
       1
       0
       0
       0
       1
       1
       0
       1
       1
       0
       1
       1
       0
       0
       1
       0
       1
       1
       1
       1
       0
       0
       0
       1
       0
       0
       0
       1
       0
       0
       0
       1
       0
       2
       1
       0
       0
       0
       0
       1
       0
       0
       0
       0
       2
       0
       1
       1
       0
       0
       0
       0
       1
       0
       0
       1
       1
       1
       0
       0
       0
       1
       1
       0
       0
       0
       0
       1
       0
       1
       0
       0
       0
       0
       2
       0
       1
       1
       0
       0
       0
       0
       1
       1
       0
       1
       1
       1
       3
       0
       1
       1
       1
       1
       0
       0
       0
       0
       1
       0
       1
       0
       0
       0
       0
       0
       0
       0
       0
       0
       0
       0
       2
       1
       0
       0
       0
       0
       0
       0
       0
       0
       0
       0
       0
       1
       0
       0
       0
       0
       0
       0
       0
       2
       0
       0
       0
       0
       0
       0
       0
       0
       0
       0
       0
       1
       0
       0
       0
       0
       0
       2
       0
       0
       0
       1
       0
       0
       0
       0
       0
       0
       1
       0
       0
       0
       1
       0
       0
       0
       0
       0
       0
       1
       0
       1
       0
       0
       1
       0
       0
       1
       0
       0
       0
       1
       1
       0
       0
       0
       0
       0
       0
       0
       1
       1
       0
       0
       0
       0
       0
       0
       1
       0
       1
       1
       0
       0
       0
       1
       0
       0
       0
       0
       0
       0
       2
       0
       0
       0
       0
       0
       1
       0
       0
       0
       1
       0
       0
       2
       0
       1
       0
       0
       1
       0
       1
       0
       0
       1
       0
       1
       0
       0
       2
       0
       0
       0
       0
       0
       0
       0
       1
       0
       0
       0
       1
       0
       0
       0
       0
       1
       0
       0
       0
       0
       0
       0
       1
       0
       0
       0
       0
       0
       0
       1
       0
       0
       0
       0
       0
       0
       0
       0
       0
       0
       1
       0
       0
       1
       0
       2
       1
       0
       0
       0
       2
       0
       0
       1
       2
       1
       0
       1
       0
       0
       0
       0
       0
       0
       1
       0
       0
       2
       0
       0
       0
       0
       0
       0
       0
       0
       0
       0
       0
       0
       0
       0
       0
       0
       0
       1
       0
       0
       1
       0
       0
       0
       0
       0
       0
       0
       0
       0
       0
       0
       0
       1
       1
       0
       2
       0
       0
       0
       0
       0
       0
       0
       0
       0
       0
       0
       0
       0
       0
       0
       0
       0
       1
       1
       1
       0
       0
       0
       0
       1
       1
       2
       0
       0
       0
       0
       0
       0
       0
       1
       1
       1
       0
       0
       0
       0
       0
       0
       0
       0
       1
       0
       1
       1
       0
       0
       0
       0
       1
       0
       2
       1
       1
       0
       0
       0
       1
       0
       0
       0
       0
       2
       0
       0
       0
       1
       0
       0
       1
       0
       0
       0
       0
       0
       1
       0
       0
       0
       0
       0
       0
       0
       0
       0
       0
       0
       0
       0
       0
       0
       0
       0
       0
       0
       0
       0
       0
       0
       0
       0
       0
       0
       0
       0
       0
       0
       0
       0
       0
       0
       0
       0
       0
       0
       0
       0
       0
       0
       0
       0
       0
       0
       0
       0
       0
       0
       0
       0
       0
       0
       0
       0
       0
       0
       0
       0
       0
       0
       0
$ROI:
1
2324 2644
$PRESETS:
None
0
0
$ENER_FIT:
-2.883957 0.548638
$MCA_CAL:
3
-2.883957E+000 5.486377E-001 1.067048E-005 keV
$SHAPE_CAL:
3
6.790181E+000 8.189177E-002 -1.295770E-005
